   2.5000000e+00   0.0000000e+00   5.1638764e+00   0.0000000e+00   5.0000000e+01  -2.9767776e-01   4.0000000e+00
   2.2509676e+00   1.1573062e+00   3.5766788e+00   0.0000000e+00   5.0000000e+01   3.9520889e-01   5.0000000e+00
   2.4345293e+00  -6.0767387e-01   3.7891786e+00   0.0000000e+00   5.0000000e+01  -5.8524157e-02   3.0000000e+00
   9.4070877e+00   6.4923412e-01   6.1350473e+00   0.0000000e+00   5.0000000e+01   1.4411751e+00   3.0000000e+00
   7.7496582e+00  -4.3040627e-01   4.3768591e+00   0.0000000e+00   5.0000000e+01   1.9447702e-01   1.0000000e+00
   2.4260276e+00  -1.3373815e+00   5.0518008e+00   0.0000000e+00   5.0000000e+01   3.5834576e-01   2.0000000e+00
   1.4368821e+00   6.2833777e-01   3.7149192e+00   0.0000000e+00   5.0000000e+01   8.1757644e-02   2.0000000e+00
   9.7641770e-01   1.3983462e+00   3.8900023e+00   0.0000000e+00   5.0000000e+01  -1.6397512e-01   4.0000000e+00
   8.0633588e+00  -2.1294195e-01   5.7229409e+00   0.0000000e+00   5.0000000e+01   7.5926946e-01   4.0000000e+00
   5.8714017e+00  -4.3015194e-01   4.9553687e+00   0.0000000e+00   5.0000000e+01  -1.6501867e+00   3.0000000e+00
   9.6252935e+00  -1.0112595e+00   3.7266005e+00   0.0000000e+00   5.0000000e+01   1.8324227e+00   2.0000000e+00
   8.2508360e+00  -1.9028791e+00   3.9401888e+00   0.0000000e+00   5.0000000e+01  -1.3239042e+00   5.0000000e+00
   5.5253451e+00  -1.5061851e+00   5.8195238e+00   0.0000000e+00   5.0000000e+01  -7.7355151e-01   1.0000000e+00
   8.2459132e+00   1.0306925e+00   3.3063965e+00   0.0000000e+00   5.0000000e+01   1.7408968e+00   5.0000000e+00
   1.8355715e+00   1.2440827e+00   5.4441065e+00   0.0000000e+00   5.0000000e+01  -1.8327848e+00   4.0000000e+00
   1.4565843e+00   8.0769472e-01   2.8881558e+00   0.0000000e+00   5.0000000e+01  -6.1204826e-01   2.0000000e+00
   4.3808087e+00  -2.8763693e-01   4.2494270e+00   0.0000000e+00   5.0000000e+01   2.6891980e-01   2.0000000e+00
   2.3719544e+00   5.0948787e-01   6.6900157e+00   0.0000000e+00   5.0000000e+01   1.9891695e+00   5.0000000e+00
   9.1887325e+00   7.1864240e-01   5.5151640e+00   0.0000000e+00   5.0000000e+01   8.4122150e-01   3.0000000e+00
   9.1426706e+00   1.7665670e-01   4.3280575e+00   0.0000000e+00   5.0000000e+01  -1.0605578e+00   5.0000000e+00
   1.6661646e+01  -1.7969368e+00   4.1832450e+00   1.8000000e+02  -5.0000000e+01   1.2363772e+00   5.0000000e+00
   1.8985174e+01  -9.2024040e-01   3.9693582e+00   1.8000000e+02  -5.0000000e+01   1.3046640e+00   5.0000000e+00
   1.0642769e+01  -1.4429322e+00   3.8889724e+00   1.8000000e+02  -5.0000000e+01   1.4189921e+00   2.0000000e+00
   1.4513651e+01   1.7926311e+00   3.8444558e+00   1.8000000e+02  -5.0000000e+01   7.5816436e-01   2.0000000e+00
   1.4961496e+01   1.7398069e+00   4.4942850e+00   1.8000000e+02  -5.0000000e+01   5.8707337e-01   2.0000000e+00
   1.8150663e+01   7.1010154e-02   5.1917425e+00   1.8000000e+02  -5.0000000e+01   1.6843047e+00   4.0000000e+00
   1.1396040e+01  -6.1009690e-01   5.4851566e+00   1.8000000e+02  -5.0000000e+01   1.5776942e+00   1.0000000e+00
   1.4237942e+01   6.2266099e-01   3.8458620e+00   1.8000000e+02  -5.0000000e+01   5.4317858e-01   2.0000000e+00
   1.7354595e+01  -1.5870464e+00   5.2004567e+00   1.8000000e+02  -5.0000000e+01   1.0668584e+00   3.0000000e+00
   1.7011769e+01   7.3184914e-01   5.2016220e+00   1.8000000e+02  -5.0000000e+01   1.3421832e+00   2.0000000e+00
   1.9609580e+01   1.0117658e+00   4.5413608e+00   1.8000000e+02  -5.0000000e+01   1.9292886e+00   1.0000000e+00
   1.4549203e+01  -1.9023623e+00   3.8171844e+00   1.8000000e+02  -5.0000000e+01   1.4971559e+00   4.0000000e+00
   1.1222999e+01  -2.1539271e-01   2.9338671e+00   1.8000000e+02  -5.0000000e+01   1.9474761e+00   3.0000000e+00
   1.5256295e+01  -8.6093752e-02   4.7032769e+00   1.8000000e+02  -5.0000000e+01   7.1044443e-01   3.0000000e+00
   1.9260073e+01  -1.3324177e+00   4.3947857e+00   1.8000000e+02  -5.0000000e+01   2.8552749e-01   2.0000000e+00
   1.9075917e+01   3.7579000e-01   5.7380105e+00   1.8000000e+02  -5.0000000e+01   9.0140969e-01   1.0000000e+00
   1.9167386e+01  -1.3793882e-01   3.4095126e+00   1.8000000e+02  -5.0000000e+01   1.2077577e+00   3.0000000e+00
   1.7045701e+01  -1.8533318e+00   4.8231875e+00   1.8000000e+02  -5.0000000e+01   9.6233787e-01   4.0000000e+00
   1.3935017e+01  -2.5585298e-01   4.3773559e+00   1.8000000e+02  -5.0000000e+01   7.2844818e-01   4.0000000e+00
   1.9329076e+01   1.1231206e+00   5.1638764e+00   1.8000000e+02  -5.0000000e+01   1.6242675e+00   5.0000000e+00
