   0.0000000e+00   0.0000000e+00   0.0000000e+00   1.0000000e+00   0.0000000e+00   3.0000000e+00   1.0000000e+00
   1.0250000e-01   0.0000000e+00   1.0250000e-06   1.0250000e+00   9.0000000e-06   3.0000000e+00   1.0000000e+00
   2.0750000e-01   1.0762500e-07   1.0141821e-06   1.0500000e+00  -9.2725217e-08   3.0000000e+00   1.0000000e+00
   3.1500000e-01   2.1664957e-07   1.0031062e-06   1.0750000e+00  -9.2727826e-08   3.0000000e+00   1.0000000e+00
   4.2500000e-01   3.2699126e-07   9.9177250e-07   1.1000000e+00  -9.2730592e-08   4.0000000e+00   1.0000000e+00
   5.3125000e-01   4.3236708e-07   9.8082513e-07   1.0625000e+00  -9.2730592e-08   5.0000000e+00   1.0000000e+00
   6.2250000e-01   5.2186738e-07   9.7142328e-07   9.1250000e-01  -9.2730592e-08   5.0000000e+00   1.0000000e+00
   6.9875000e-01   5.9593840e-07   9.6356694e-07   7.6250000e-01  -9.2730592e-08   5.0000000e+00   1.0000000e+00
   7.6000000e-01   6.5495688e-07   9.5725611e-07   6.1250000e-01  -9.2730592e-08   5.0000000e+00   1.0000000e+00
   8.0625000e-01   6.9922997e-07   9.5249079e-07   4.6250000e-01  -9.2730592e-08   5.0000000e+00   1.0000000e+00
   8.3750000e-01   7.2899531e-07   9.4927097e-07   3.1250000e-01  -9.2730592e-08   4.0000000e+00   1.0000000e+00
   8.6500000e-01   7.5510026e-07   9.4643754e-07   2.7500000e-01  -9.2730592e-08   3.0000000e+00   1.0000000e+00
   8.9500000e-01   7.8349339e-07   9.4334614e-07   3.0000000e-01  -9.2742027e-08   3.0000000e+00   1.0000000e+00
   9.2750000e-01   8.1415214e-07   9.3999711e-07   3.2500000e-01  -9.2742256e-08   3.0000000e+00   1.0000000e+00
   9.6250000e-01   8.4705204e-07   9.3639046e-07   3.5000000e-01  -9.2742525e-08   3.0000000e+00   1.0000000e+00
   1.0000000e+00   8.8216668e-07   9.3252617e-07   3.7500000e-01  -9.2742839e-08   3.0000000e+00   1.0000000e+00
   1.0400000e+00   9.1946773e-07   9.2840425e-07   4.0000000e-01  -9.2743200e-08   3.0000000e+00   1.0000000e+00
   1.0825000e+00   9.5892491e-07   9.2402469e-07   4.2500000e-01  -9.2743613e-08   3.0000000e+00   1.0000000e+00
   1.1275000e+00   1.0005060e-06   9.1938749e-07   4.5000000e-01  -9.2744081e-08   3.0000000e+00   1.0000000e+00
   1.1750000e+00   1.0441769e-06   9.1449264e-07   4.7500000e-01  -9.2744608e-08   3.0000000e+00   1.0000000e+00
   1.2250000e+00   1.0899016e-06   9.0934013e-07   5.0000000e-01  -9.2745199e-08   3.0000000e+00   1.0000000e+00
   1.2775000e+00   1.1376419e-06   9.0392995e-07   5.2500000e-01  -9.2745856e-08   3.0000000e+00   1.0000000e+00
   1.3325000e+00   1.1873581e-06   8.9826210e-07   5.5000000e-01  -9.2746586e-08   3.0000000e+00   1.0000000e+00
   1.3900000e+00   1.2390081e-06   8.9233658e-07   5.7500000e-01  -9.2747391e-08   3.0000000e+00   1.0000000e+00
   1.4500000e+00   1.2925483e-06   8.8615336e-07   6.0000000e-01  -9.2748276e-08   3.0000000e+00   1.0000000e+00
   1.5125000e+00   1.3479329e-06   8.7971244e-07   6.2500000e-01  -9.2749246e-08   3.0000000e+00   1.0000000e+00
   1.5775000e+00   1.4051142e-06   8.7301380e-07   6.5000000e-01  -9.2750306e-08   3.0000000e+00   1.0000000e+00
   1.6450000e+00   1.4640427e-06   8.6605744e-07   6.7500000e-01  -9.2751461e-08   3.0000000e+00   1.0000000e+00
   1.7150000e+00   1.5246667e-06   8.5884334e-07   7.0000000e-01  -9.2752715e-08   3.0000000e+00   1.0000000e+00
   1.7875000e+00   1.5869328e-06   8.5137149e-07   7.2500000e-01  -9.2754075e-08   3.0000000e+00   1.0000000e+00
   1.8625000e+00   1.6507857e-06   8.4364186e-07   7.5000000e-01  -9.2755545e-08   3.0000000e+00   1.0000000e+00
   1.9400000e+00   1.7161679e-06   8.3565444e-07   7.7500000e-01  -9.2757131e-08   3.0000000e+00   1.0000000e+00
   2.0200000e+00   1.7830203e-06   8.2740921e-07   8.0000000e-01  -9.2758839e-08   3.0000000e+00   1.0000000e+00
   2.1025000e+00   1.8512815e-06   8.1890615e-07   8.2500000e-01  -9.2760675e-08   3.0000000e+00   1.0000000e+00
   2.1875000e+00   1.9208886e-06   8.1014523e-07   8.5000000e-01  -9.2762646e-08   3.0000000e+00   1.0000000e+00
   2.2750000e+00   1.9917763e-06   8.0112644e-07   8.7500000e-01  -9.2764758e-08   3.0000000e+00   1.0000000e+00
   2.3650000e+00   2.0638776e-06   7.9184973e-07   9.0000000e-01  -9.2767019e-08   3.0000000e+00   1.0000000e+00
   2.4575000e+00   2.1371237e-06   7.8231510e-07   9.2500000e-01  -9.2769435e-08   3.0000000e+00   1.0000000e+00
   2.5525000e+00   2.2114437e-06   7.7252250e-07   9.5000000e-01  -9.2772015e-08   3.0000000e+00   1.0000000e+00
   2.6500000e+00   2.2867646e-06   7.6247190e-07   9.7500000e-01  -9.2774765e-08   3.0000000e+00   1.0000000e+00
   2.7500000e+00   2.3630118e-06   7.5216326e-07   1.0000000e+00  -9.2777695e-08   3.0000000e+00   1.0000000e+00
   2.8525000e+00   2.4401085e-06   7.4159656e-07   1.0250000e+00  -9.2780813e-08   3.0000000e+00   1.0000000e+00
   2.9575000e+00   2.5179762e-06   7.3077174e-07   1.0500000e+00  -9.2784128e-08   3.0000000e+00   1.0000000e+00
   3.0650000e+00   2.5965341e-06   7.1968878e-07   1.0750000e+00  -9.2787650e-08   3.0000000e+00   1.0000000e+00
   3.1750000e+00   2.6756999e-06   7.0834761e-07   1.1000000e+00  -9.2791389e-08   3.0000000e+00   1.0000000e+00
   3.2850000e+00   2.7536181e-06   6.9700595e-07   1.1000000e+00  -9.2795355e-08   1.0000000e+00   1.0000000e+00
   3.3948717e+00   2.8301993e-06  -2.4640780e-04   1.0987165e+00  -2.0241255e-03   1.0000000e+00   1.0000000e+00
   3.5046577e+00  -2.4221948e-05  -7.4022323e-04   1.0978609e+00  -4.0481583e-03   1.0000000e+00   1.0000000e+00
   3.6143582e+00  -1.0542482e-04  -1.4803685e-03   1.0970052e+00  -6.0721910e-03   1.0000000e+00   1.0000000e+00
   3.7239731e+00  -2.6769529e-04  -2.4664647e-03   1.0961496e+00  -8.0962237e-03   1.0000000e+00   1.0000000e+00
   3.8335021e+00  -5.3784540e-04  -3.6981352e-03   1.0952939e+00  -1.0120256e-02   1.0000000e+00   1.0000000e+00
   3.9430418e+00  -9.4293974e-04  -3.9706908e-03   1.0954041e+00  -2.2393528e-03   1.0000000e+00   1.0000000e+00
   4.0525887e+00  -1.3779189e-03  -3.2839954e-03   1.0954776e+00   5.6415508e-03   1.0000000e+00   1.0000000e+00
   4.1621432e+00  -1.7376967e-03  -1.6378351e-03   1.0955511e+00   1.3522454e-02   1.0000000e+00   1.0000000e+00
   4.2717055e+00  -1.9171419e-03   9.6812336e-04   1.0956246e+00   2.1403358e-02   1.0000000e+00   1.0000000e+00
   4.3812753e+00  -1.8110648e-03   4.5343326e-03   1.0956980e+00   2.9284262e-02   1.0000000e+00   1.0000000e+00
   4.4908550e+00  -1.3141906e-03   8.3753118e-03   1.0958082e+00   3.1535948e-02   1.0000000e+00   1.0000000e+00
   4.6004393e+00  -3.9636623e-04   1.2491017e-02   1.0958817e+00   3.3787635e-02   1.0000000e+00   1.0000000e+00
   4.7100263e+00   9.7255766e-04   1.6881527e-02   1.0959552e+00   3.6039322e-02   1.0000000e+00   1.0000000e+00
   4.8196135e+00   2.8227335e-03   2.1546923e-02   1.0960287e+00   3.8291009e-02   1.0000000e+00   1.0000000e+00
   4.9291983e+00   5.1843136e-03   2.6487290e-02   1.0961021e+00   4.0542695e-02   1.0000000e+00   1.0000000e+00
   5.0387960e+00   8.0879387e-03   3.3975302e-02   1.0963615e+00   6.1391628e-02   1.0000000e+00   1.0000000e+00
   5.1483861e+00   1.1812731e-02   4.4017910e-02   1.0965345e+00   8.2240560e-02   1.0000000e+00   1.0000000e+00
   5.2579507e+00   1.6638649e-02   5.6624713e-02   1.0967074e+00   1.0308949e-01   1.0000000e+00   1.0000000e+00
   5.3674629e+00   2.2846384e-02   7.1807602e-02   1.0968804e+00   1.2393842e-01   1.0000000e+00   1.0000000e+00
   5.4768855e+00   3.0717292e-02   8.9580799e-02   1.0970533e+00   1.4478736e-01   4.0000000e+00   1.0000000e+00
   5.5824160e+00   4.0196166e-02   1.0674646e-01   1.0595533e+00   1.4478736e-01   4.0000000e+00   1.0000000e+00
   5.6840396e+00   5.1085516e-02   1.2330460e-01   1.0220533e+00   1.4478736e-01   4.0000000e+00   1.0000000e+00
   5.7817474e+00   6.3194771e-02   1.3925520e-01   9.8455331e-01   1.4478736e-01   4.0000000e+00   1.0000000e+00
   5.8755359e+00   7.6340398e-02   1.5459827e-01   9.4705331e-01   1.4478736e-01   4.0000000e+00   1.0000000e+00
   5.9654065e+00   9.0345988e-02   1.6933380e-01   9.0955331e-01   1.4478736e-01   4.0000000e+00   1.0000000e+00
   6.0513645e+00   1.0504233e-01   1.8346181e-01   8.7205331e-01   1.4478736e-01   4.0000000e+00   1.0000000e+00
   6.1334193e+00   1.2026745e-01   1.9698228e-01   8.3455331e-01   1.4478736e-01   3.0000000e+00   1.0000000e+00
   6.2177124e+00   1.3708984e-01   1.9445071e-01   8.5955331e-01  -2.6500815e-02   3.0000000e+00   1.0000000e+00
   6.3045007e+00   1.5418186e-01   1.9184540e-01   8.8455331e-01  -2.6501760e-02   3.0000000e+00   1.0000000e+00
   6.3937874e+00   1.7152438e-01   1.8916637e-01   9.0955331e-01  -2.6502774e-02   3.0000000e+00   1.0000000e+00
   6.4855756e+00   1.8909774e-01   1.8641358e-01   9.3455331e-01  -2.6503862e-02   1.0000000e+00   1.0000000e+00
   6.5784179e+00   2.0660811e-01   1.8020305e-01   9.4479154e-01  -5.9092097e-02   1.0000000e+00   1.0000000e+00
   6.6720387e+00   2.2366388e-01   1.7048196e-01   9.5161702e-01  -9.1680332e-02   1.0000000e+00   1.0000000e+00
   6.7664935e+00   2.3992456e-01   1.5717960e-01   9.5844251e-01  -1.2426857e-01   1.0000000e+00   1.0000000e+00
   6.8618304e+00   2.5503421e-01   1.4021705e-01   9.6526800e-01  -1.5685680e-01   1.0000000e+00   1.0000000e+00
   6.9580857e+00   2.6862000e-01   1.1950667e-01   9.7209348e-01  -1.8944504e-01   3.0000000e+00   1.0000000e+00
   7.0570839e+00   2.8050758e-01   1.1737190e-01   9.9709348e-01  -1.9266513e-02   1.0000000e+00   1.0000000e+00
   7.1576922e+00   2.9237070e-01   1.1298919e-01   1.0130530e+00  -3.8916523e-02   1.0000000e+00   1.0000000e+00
   7.2594087e+00   3.0391272e-01   1.0631999e-01   1.0236926e+00  -5.8566534e-02   1.0000000e+00   1.0000000e+00
   7.3622579e+00   3.1488904e-01   9.7312515e-02   1.0343323e+00  -7.8216544e-02   1.0000000e+00   1.0000000e+00
   7.4662607e+00   3.2504188e-01   8.5913008e-02   1.0449720e+00  -9.7866555e-02   1.0000000e+00   1.0000000e+00
   7.5714325e+00   3.3409980e-01   7.2065665e-02   1.0556116e+00  -1.1751657e-01   1.0000000e+00   1.0000000e+00
   7.6769915e+00   3.4172018e-01   5.5761425e-02   1.0583373e+00  -1.3777136e-01   1.0000000e+00   1.0000000e+00
   7.7828422e+00   3.4762869e-01   3.6990231e-02   1.0601543e+00  -1.5802616e-01   1.0000000e+00   1.0000000e+00
   7.8889667e+00   3.5155605e-01   1.5727897e-02   1.0619714e+00  -1.7828096e-01   1.0000000e+00   1.0000000e+00
   7.9953324e+00   3.5322910e-01  -8.0520398e-03   1.0637885e+00  -1.9853576e-01   1.0000000e+00   1.0000000e+00
   8.1018895e+00   3.5237108e-01  -3.4378399e-02   1.0656055e+00  -2.1879056e-01   4.0000000e+00   1.0000000e+00
   8.2046393e+00   3.4883731e-01  -5.9778300e-02   1.0281055e+00  -2.1879056e-01   4.0000000e+00   1.0000000e+00
   8.3035229e+00   3.4291917e-01  -8.4251743e-02   9.9060555e-01  -2.1879056e-01   4.0000000e+00   1.0000000e+00
   8.3984954e+00   3.3489858e-01  -1.0779873e-01   9.5310555e-01  -2.1879056e-01   4.0000000e+00   1.0000000e+00
   8.4895244e+00   3.2504758e-01  -1.3041926e-01   9.1560555e-01  -2.1879056e-01   4.0000000e+00   1.0000000e+00
   8.5765893e+00   3.1362783e-01  -1.5211333e-01   8.7810555e-01  -2.1879056e-01   4.0000000e+00   1.0000000e+00
   8.6596792e+00   3.0089035e-01  -1.7288094e-01   8.4060555e-01  -2.1879056e-01   5.0000000e+00   1.0000000e+00
   8.7277103e+00   2.8901048e-01  -1.8994272e-01   6.9060555e-01  -2.1879056e-01   5.0000000e+00   1.0000000e+00
   8.7807985e+00   2.7880370e-01  -2.0329867e-01   5.4060555e-01  -2.1879056e-01   4.0000000e+00   1.0000000e+00
   8.8300730e+00   2.6864594e-01  -2.1572817e-01   5.0310555e-01  -2.1879056e-01   4.0000000e+00   1.0000000e+00
   8.8755543e+00   2.5867925e-01  -2.2723120e-01   4.6560555e-01  -2.1879056e-01   4.0000000e+00   1.0000000e+00
   8.9172644e+00   2.4903485e-01  -2.3780778e-01   4.2810555e-01  -2.1879056e-01   4.0000000e+00   1.0000000e+00
   8.9552256e+00   2.3983326e-01  -2.4745790e-01   3.9060555e-01  -2.1879056e-01   4.0000000e+00   1.0000000e+00
   8.9894606e+00   2.3118428e-01  -2.5618156e-01   3.5310555e-01  -2.1879056e-01   4.0000000e+00   1.0000000e+00
   9.0199911e+00   2.2318720e-01  -2.6397877e-01   3.1560555e-01  -2.1879056e-01   4.0000000e+00   1.0000000e+00
   9.0468383e+00   2.1593077e-01  -2.7084952e-01   2.7810555e-01  -2.1879056e-01   4.0000000e+00   1.0000000e+00
   9.0700217e+00   2.0949337e-01  -2.7679381e-01   2.4060555e-01  -2.1879056e-01   5.0000000e+00   1.0000000e+00
   9.0787374e+00   2.0701736e-01  -2.7903226e-01   9.0605546e-02  -2.1879056e-01   5.0000000e+00   1.0000000e+00
   9.0787374e+00   2.0701736e-01  -2.7903226e-01   0.0000000e+00  -2.1879056e-01   5.0000000e+00   1.0000000e+00
   9.0787374e+00   2.0701736e-01  -2.7903226e-01   0.0000000e+00  -2.1879056e-01   5.0000000e+00   1.0000000e+00
   9.0787374e+00   2.0701736e-01  -2.7903226e-01   0.0000000e+00  -2.1879056e-01   5.0000000e+00   1.0000000e+00
   9.0787374e+00   2.0701736e-01  -2.7903226e-01   0.0000000e+00  -2.1879056e-01   5.0000000e+00   1.0000000e+00
   9.0787374e+00   2.0701736e-01  -2.7903226e-01   0.0000000e+00  -2.1879056e-01   3.0000000e+00   1.0000000e+00
   9.0811407e+00   2.0632880e-01  -2.7891455e-01   2.5000000e-02   4.2350663e-02   3.0000000e+00   1.0000000e+00
   9.0859475e+00   2.0495224e-01  -2.7867913e-01   5.0000000e-02   4.2350665e-02   3.0000000e+00   1.0000000e+00
   9.0931581e+00   2.0288909e-01  -2.7832600e-01   7.5000000e-02   4.2350673e-02   3.0000000e+00   1.0000000e+00
   9.1027733e+00   2.0014163e-01  -2.7785515e-01   1.0000000e-01   4.2350690e-02   3.0000000e+00   1.0000000e+00
   9.1147939e+00   1.9671296e-01  -2.7726660e-01   1.2500000e-01   4.2350721e-02   3.0000000e+00   1.0000000e+00
   9.1292210e+00   1.9260704e-01  -2.7656033e-01   1.5000000e-01   4.2350770e-02   3.0000000e+00   1.0000000e+00
   9.1460560e+00   1.8782870e-01  -2.7573635e-01   1.7500000e-01   4.2350839e-02   3.0000000e+00   1.0000000e+00
   9.1653005e+00   1.8238359e-01  -2.7479465e-01   2.0000000e-01   4.2350935e-02   3.0000000e+00   1.0000000e+00
   9.1869563e+00   1.7627823e-01  -2.7373524e-01   2.2500000e-01   4.2351060e-02   3.0000000e+00   1.0000000e+00
   9.2110255e+00   1.6951999e-01  -2.7255812e-01   2.5000000e-01   4.2351220e-02   3.0000000e+00   1.0000000e+00
   9.2375104e+00   1.6211710e-01  -2.7126327e-01   2.7500000e-01   4.2351417e-02   3.0000000e+00   1.0000000e+00
   9.2664133e+00   1.5407864e-01  -2.6985070e-01   3.0000000e-01   4.2351658e-02   3.0000000e+00   1.0000000e+00
   9.2977372e+00   1.4541454e-01  -2.6832041e-01   3.2500000e-01   4.2351946e-02   3.0000000e+00   1.0000000e+00
   9.3314848e+00   1.3613561e-01  -2.6667239e-01   3.5000000e-01   4.2352286e-02   3.0000000e+00   1.0000000e+00
   9.3676593e+00   1.2625350e-01  -2.6490664e-01   3.7500000e-01   4.2352684e-02   3.0000000e+00   1.0000000e+00
   9.4062640e+00   1.1578074e-01  -2.6302315e-01   4.0000000e-01   4.2353144e-02   3.0000000e+00   1.0000000e+00
   9.4473023e+00   1.0473070e-01  -2.6102192e-01   4.2500000e-01   4.2353671e-02   3.0000000e+00   1.0000000e+00
   9.4907780e+00   9.3117638e-02  -2.5890294e-01   4.5000000e-01   4.2354272e-02   3.0000000e+00   1.0000000e+00
   9.5366949e+00   8.0956678e-02  -2.5666620e-01   4.7500000e-01   4.2354952e-02   3.0000000e+00   1.0000000e+00
   9.5850570e+00   6.8263809e-02  -2.5431170e-01   5.0000000e-01   4.2355718e-02   3.0000000e+00   1.0000000e+00
   9.6358684e+00   5.5055895e-02  -2.5183942e-01   5.2500000e-01   4.2356575e-02   3.0000000e+00   1.0000000e+00
   9.6891335e+00   4.1350677e-02  -2.4924936e-01   5.5000000e-01   4.2357530e-02   3.0000000e+00   1.0000000e+00
   9.7448566e+00   2.7166774e-02  -2.4654149e-01   5.7500000e-01   4.2358591e-02   3.0000000e+00   1.0000000e+00
   9.8030424e+00   1.2523684e-02  -2.4371582e-01   6.0000000e-01   4.2359765e-02   3.0000000e+00   1.0000000e+00
   9.8636954e+00  -2.5582095e-03  -2.4077232e-01   6.2500000e-01   4.2361059e-02   3.0000000e+00   1.0000000e+00
   9.9268204e+00  -1.8057637e-02  -2.3771097e-01   6.5000000e-01   4.2362483e-02   3.0000000e+00   1.0000000e+00
   9.9924223e+00  -3.3952442e-02  -2.3453177e-01   6.7500000e-01   4.2364045e-02   3.0000000e+00   1.0000000e+00
   1.0060506e+01  -5.0219574e-02  -2.3123468e-01   7.0000000e-01   4.2365754e-02   3.0000000e+00   1.0000000e+00
   1.0131076e+01  -6.6835089e-02  -2.2781969e-01   7.2500000e-01   4.2367621e-02   3.0000000e+00   1.0000000e+00
   1.0204138e+01  -8.3774146e-02  -2.2428677e-01   7.5000000e-01   4.2369655e-02   3.0000000e+00   1.0000000e+00
   1.0279697e+01  -1.0101100e-01  -2.2063590e-01   7.7500000e-01   4.2371869e-02   3.0000000e+00   1.0000000e+00
   1.0357758e+01  -1.1851901e-01  -2.1686704e-01   8.0000000e-01   4.2374274e-02   3.0000000e+00   1.0000000e+00
   1.0438325e+01  -1.3627063e-01  -2.1298017e-01   8.2500000e-01   4.2376883e-02   3.0000000e+00   1.0000000e+00
   1.0521405e+01  -1.5423739e-01  -2.0897524e-01   8.5000000e-01   4.2379710e-02   3.0000000e+00   1.0000000e+00
   1.0607001e+01  -1.7238993e-01  -2.0485222e-01   8.7500000e-01   4.2382770e-02   3.0000000e+00   1.0000000e+00
   1.0695119e+01  -1.9069795e-01  -2.0061108e-01   9.0000000e-01   4.2386078e-02   3.0000000e+00   1.0000000e+00
   1.0785764e+01  -2.0913026e-01  -1.9625175e-01   9.2500000e-01   4.2389651e-02   3.0000000e+00   1.0000000e+00
   1.0878941e+01  -2.2765473e-01  -1.9177420e-01   9.5000000e-01   4.2393508e-02   4.0000000e+00   1.0000000e+00
   1.0968518e+01  -2.4504706e-01  -1.8747339e-01   9.1250000e-01   4.2393508e-02   4.0000000e+00   1.0000000e+00
   1.1054485e+01  -2.6135506e-01  -1.8334933e-01   8.7500000e-01   4.2393508e-02   4.0000000e+00   1.0000000e+00
   1.1136831e+01  -2.7662467e-01  -1.7940201e-01   8.3750000e-01   4.2393508e-02   4.0000000e+00   1.0000000e+00
   1.1215547e+01  -2.9089997e-01  -1.7563144e-01   8.0000000e-01   4.2393508e-02   4.0000000e+00   1.0000000e+00
   1.1290624e+01  -3.0422312e-01  -1.7203761e-01   7.6250000e-01   4.2393508e-02   4.0000000e+00   1.0000000e+00
   1.1362054e+01  -3.1663442e-01  -1.6862053e-01   7.2500000e-01   4.2393508e-02   4.0000000e+00   1.0000000e+00
   1.1429829e+01  -3.2817222e-01  -1.6538020e-01   6.8750000e-01   4.2393508e-02   3.0000000e+00   1.0000000e+00
   1.1500107e+01  -3.3990192e-01  -1.6201978e-01   7.1250000e-01   4.2421954e-02   3.0000000e+00   1.0000000e+00
   1.1572891e+01  -3.5179867e-01  -1.5854122e-01   7.3750000e-01   4.2424684e-02   1.0000000e+00   1.0000000e+00
   1.1648637e+01  -3.6390922e-01  -1.5172529e-01   7.6708307e-01   7.9799940e-02   1.0000000e+00   1.0000000e+00
   1.1726414e+01  -3.7580129e-01  -1.4143436e-01   7.8680511e-01   1.1717520e-01   1.0000000e+00   1.0000000e+00
   1.1806261e+01  -3.8717036e-01  -1.2747312e-01   8.0652715e-01   1.5455045e-01   1.0000000e+00   1.0000000e+00
   1.1888215e+01  -3.9767432e-01  -1.0963371e-01   8.2624920e-01   1.9192571e-01   1.0000000e+00   1.0000000e+00
   1.1972305e+01  -4.0693045e-01  -8.7694282e-02   8.4597124e-01   2.2930096e-01   4.0000000e+00   1.0000000e+00
   1.2052841e+01  -4.1401119e-01  -6.6727378e-02   8.0847124e-01   2.2930096e-01   4.0000000e+00   1.0000000e+00
   1.2129767e+01  -4.1915186e-01  -4.6732999e-02   7.7097124e-01   2.2930096e-01   4.0000000e+00   1.0000000e+00
   1.2203034e+01  -4.2257835e-01  -2.7711146e-02   7.3347124e-01   2.2930096e-01   4.0000000e+00   1.0000000e+00
   1.2272604e+01  -4.2450672e-01  -9.6618187e-03   6.9597124e-01   2.2930096e-01   4.0000000e+00   1.0000000e+00
   1.2338448e+01  -4.2514291e-01   7.4149834e-03   6.5847124e-01   2.2930096e-01   4.0000000e+00   1.0000000e+00
   1.2400544e+01  -4.2468247e-01   2.3519260e-02   6.2097124e-01   2.2930096e-01   4.0000000e+00   1.0000000e+00
   1.2458875e+01  -4.2331031e-01   3.8651011e-02   5.8347124e-01   2.2930096e-01   4.0000000e+00   1.0000000e+00
   1.2513431e+01  -4.2120060e-01   5.2810237e-02   5.4597124e-01   2.2930096e-01   4.0000000e+00   1.0000000e+00
   1.2564207e+01  -4.1851660e-01   6.5996937e-02   5.0847124e-01   2.2930096e-01   5.0000000e+00   1.0000000e+00
   1.2599976e+01  -4.1615252e-01   7.5293535e-02   3.5847124e-01   2.2930096e-01   1.0000000e+00   1.0000000e+00
   1.2639461e+01  -4.1317393e-01   8.3796171e-02   3.9597124e-01   1.9090239e-01   1.0000000e+00   1.0000000e+00
   1.2681411e+01  -4.0965048e-01   9.0985294e-02   4.2097124e-01   1.5250383e-01   1.0000000e+00   1.0000000e+00
   1.2725823e+01  -4.0559839e-01   9.6664147e-02   4.4597124e-01   1.1410526e-01   1.0000000e+00   1.0000000e+00
   1.2772701e+01  -4.0105287e-01   1.0063347e-01   4.7097124e-01   7.5706690e-02   1.0000000e+00   1.0000000e+00
   1.2822047e+01  -3.9607016e-01   1.0269040e-01   4.9597124e-01   3.7308121e-02   3.0000000e+00   1.0000000e+00
   1.2873869e+01  -3.9072968e-01   1.0200123e-01   5.2097124e-01  -1.1905253e-02   1.0000000e+00   1.0000000e+00
   1.2929426e+01  -3.8504308e-01   1.0175522e-01   5.5847124e-01  -3.9643807e-03   1.0000000e+00   1.0000000e+00
   1.2987472e+01  -3.7911620e-01   1.0201302e-01   5.8347124e-01   3.9764916e-03   1.0000000e+00   1.0000000e+00
   1.3048002e+01  -3.7291976e-01   1.0281877e-01   6.0847124e-01   1.1917364e-02   1.0000000e+00   1.0000000e+00
   1.3111015e+01  -3.6641796e-01   1.0421669e-01   6.3347124e-01   1.9858236e-02   1.0000000e+00   1.0000000e+00
   1.3176505e+01  -3.5956800e-01   1.0625109e-01   6.5847124e-01   2.7799108e-02   1.0000000e+00   1.0000000e+00
   1.3245709e+01  -3.5218714e-01   1.0603896e-01   6.9597124e-01  -2.7432099e-03   1.0000000e+00   1.0000000e+00
   1.3317402e+01  -3.4455635e-01   1.0337154e-01   7.2097124e-01  -3.3285528e-02   1.0000000e+00   1.0000000e+00
   1.3391601e+01  -3.3685886e-01   9.8073928e-02   7.4597124e-01  -6.3827847e-02   1.0000000e+00   1.0000000e+00
   1.3468327e+01  -3.2930976e-01   8.9965768e-02   7.7097124e-01  -9.4370165e-02   1.0000000e+00   1.0000000e+00
   1.3547602e+01  -3.2215840e-01   7.8860533e-02   7.9597124e-01  -1.2491248e-01   3.0000000e+00   1.0000000e+00
   1.3629444e+01  -3.1569088e-01   7.8124264e-02   8.2097124e-01  -8.0712576e-03   3.0000000e+00   1.0000000e+00
   1.3713783e+01  -3.0908851e-01   7.7365450e-02   8.4597124e-01  -8.0725924e-03   3.0000000e+00   1.0000000e+00
   1.3800620e+01  -3.0235693e-01   7.6584070e-02   8.7097124e-01  -8.0740485e-03   3.0000000e+00   1.0000000e+00
   1.3889955e+01  -2.9550192e-01   7.5780104e-02   8.9597124e-01  -8.0756358e-03   3.0000000e+00   1.0000000e+00
   1.3981787e+01  -2.8852947e-01   7.4953528e-02   9.2097124e-01  -8.0773655e-03   3.0000000e+00   1.0000000e+00
   1.4076119e+01  -2.8144572e-01   7.4104317e-02   9.4597124e-01  -8.0792499e-03   3.0000000e+00   1.0000000e+00
   1.4172950e+01  -2.7425698e-01   7.3232441e-02   9.7097124e-01  -8.0813024e-03   3.0000000e+00   1.0000000e+00
   1.4272280e+01  -2.6696976e-01   7.2337869e-02   9.9597124e-01  -8.0835381e-03   3.0000000e+00   1.0000000e+00
   1.4374110e+01  -2.5959071e-01   7.1420566e-02   1.0209712e+00  -8.0859735e-03   3.0000000e+00   1.0000000e+00
   1.4478440e+01  -2.5212668e-01   7.0480493e-02   1.0459712e+00  -8.0886273e-03   3.0000000e+00   1.0000000e+00
   1.4585272e+01  -2.4458467e-01   6.9517607e-02   1.0709712e+00  -8.0915201e-03   3.0000000e+00   1.0000000e+00
   1.4694604e+01  -2.3697187e-01   6.8531860e-02   1.0959712e+00  -8.0946751e-03   3.0000000e+00   1.0000000e+00
   1.4804346e+01  -2.2943927e-01   6.7542068e-02   1.1000000e+00  -8.0981183e-03   3.0000000e+00   1.0000000e+00
   1.4914095e+01  -2.2201529e-01   6.6551834e-02   1.1000000e+00  -8.1017369e-03   3.0000000e+00   1.0000000e+00
   1.5023851e+01  -2.1469999e-01   6.5561139e-02   1.1000000e+00  -8.1055153e-03   3.0000000e+00   1.0000000e+00
   1.5133615e+01  -2.0749343e-01   6.4569960e-02   1.1000000e+00  -8.1094644e-03   3.0000000e+00   1.0000000e+00
   1.5243386e+01  -2.0039567e-01   6.3578277e-02   1.1000000e+00  -8.1135961e-03   3.0000000e+00   1.0000000e+00
   1.5353164e+01  -1.9340677e-01   6.2586064e-02   1.1000000e+00  -8.1179232e-03   3.0000000e+00   1.0000000e+00
   1.5462948e+01  -1.8652679e-01   6.1593297e-02   1.1000000e+00  -8.1224601e-03   3.0000000e+00   1.0000000e+00
   1.5572740e+01  -1.7975581e-01   6.0599948e-02   1.1000000e+00  -8.1272221e-03   3.0000000e+00   1.0000000e+00
   1.5682538e+01  -1.7309390e-01   5.9605987e-02   1.1000000e+00  -8.1322267e-03   3.0000000e+00   1.0000000e+00
   1.5792342e+01  -1.6654112e-01   5.8611383e-02   1.1000000e+00  -8.1374926e-03   3.0000000e+00   1.0000000e+00
   1.5902154e+01  -1.6009756e-01   5.7616100e-02   1.1000000e+00  -8.1430411e-03   3.0000000e+00   1.0000000e+00
   1.6011971e+01  -1.5376329e-01   5.6620102e-02   1.1000000e+00  -8.1488953e-03   3.0000000e+00   1.0000000e+00
   1.6121795e+01  -1.4753841e-01   5.5623348e-02   1.1000000e+00  -8.1550813e-03   3.0000000e+00   1.0000000e+00
   1.6231625e+01  -1.4142300e-01   5.4625794e-02   1.1000000e+00  -8.1616280e-03   3.0000000e+00   1.0000000e+00
   1.6341461e+01  -1.3541715e-01   5.3627391e-02   1.1000000e+00  -8.1685680e-03   3.0000000e+00   1.0000000e+00
   1.6451302e+01  -1.2952096e-01   5.2628087e-02   1.1000000e+00  -8.1759377e-03   3.0000000e+00   1.0000000e+00
   1.6561150e+01  -1.2373454e-01   5.1627825e-02   1.1000000e+00  -8.1837784e-03   3.0000000e+00   1.0000000e+00
   1.6671004e+01  -1.1805801e-01   5.0626542e-02   1.1000000e+00  -8.1921365e-03   3.0000000e+00   1.0000000e+00
   1.6780863e+01  -1.1249146e-01   4.9624167e-02   1.1000000e+00  -8.2010651e-03   3.0000000e+00   1.0000000e+00
   1.6890727e+01  -1.0703505e-01   4.8620624e-02   1.1000000e+00  -8.2106245e-03   3.0000000e+00   1.0000000e+00
   1.7000597e+01  -1.0168888e-01   4.7615826e-02   1.1000000e+00  -8.2208840e-03   3.0000000e+00   1.0000000e+00
   1.7110472e+01  -9.6453123e-02   4.6609680e-02   1.1000000e+00  -8.2319234e-03   3.0000000e+00   1.0000000e+00
   1.7220353e+01  -9.1327914e-02   4.5602077e-02   1.1000000e+00  -8.2438350e-03   3.0000000e+00   1.0000000e+00
   1.7330239e+01  -8.6313424e-02   4.4592899e-02   1.1000000e+00  -8.2567263e-03   3.0000000e+00   1.0000000e+00
   1.7440129e+01  -8.1409831e-02   4.3582009e-02   1.1000000e+00  -8.2707234e-03   3.0000000e+00   1.0000000e+00
   1.7550025e+01  -7.6617327e-02   4.2569256e-02   1.1000000e+00  -8.2859747e-03   3.0000000e+00   1.0000000e+00
   1.7659925e+01  -7.1936123e-02   4.1554464e-02   1.1000000e+00  -8.3026565e-03   3.0000000e+00   1.0000000e+00
   1.7769830e+01  -6.7366448e-02   4.0537431e-02   1.1000000e+00  -8.3209799e-03   3.0000000e+00   1.0000000e+00
   1.7879740e+01  -6.2908552e-02   3.9517928e-02   1.1000000e+00  -8.3411993e-03   3.0000000e+00   1.0000000e+00
   1.7989654e+01  -5.8562711e-02   3.8495683e-02   1.1000000e+00  -8.3636249e-03   3.0000000e+00   1.0000000e+00
   1.8099573e+01  -5.4329231e-02   3.7470381e-02   1.1000000e+00  -8.3886380e-03   3.0000000e+00   1.0000000e+00
   1.8209495e+01  -5.0208454e-02   3.6441647e-02   1.1000000e+00  -8.4167134e-03   3.0000000e+00   1.0000000e+00
   1.8319422e+01  -4.6200760e-02   3.5409035e-02   1.1000000e+00  -8.4484491e-03   3.0000000e+00   1.0000000e+00
   1.8429353e+01  -4.2306580e-02   3.4372002e-02   1.1000000e+00  -8.4846098e-03   3.0000000e+00   1.0000000e+00
