38.236727	0	2.079999924	0	0	1	0	0	0	0
38.246746	0	2.079999924	-0.2	0	1	0	0	0	0
38.256765	0	2.079999924	-0.2	0	1	0	0	0	0
38.266728	0	2.079999924	-0.4	0	1	0	0	0	0
38.276716	0	2.079999924	0	0	1	0	0	0	0
38.286882	0	2.079999924	-0.2	0	1	0	0	0	0
38.296646	0	2.079999924	-0.5	0	1	0	0	0	0
38.306741	0	2.079999924	0	0	1	0	0	0	0
38.316726	0	2.079999924	0	0	1	0	0	0	0
38.326783	0	2.079999924	-0.5	0	1	0	0	0	0
38.336715	0	2.079999924	0	0	1	0	0	0	0
38.346779	0	2.079999924	0	0	1	0	0	0	0
38.356754	0	2.079999924	-0.4	0	1	0	0	0	0
38.366732	0	2.079999924	0	0	1	0	0	0	0
38.376569	0	2.079999924	-0.4	0	1	0	0	0	0
38.386798	0	2.079999924	0	0	1	0	0	0	0
38.396744	0	2.079999924	-0.2	0	1	0	0	0	0
38.406723	0	2.079999924	-0.4	0	1	0	0	0	0
38.416661	0	2.079999924	-0.2	0	1	0	0	0	0
38.426767	0	2.079999924	-0.2	0	1	0	0	0	0
38.436728	0	2.079999924	-0.5	0	1	0	0	0	0
38.446706	0	2.079999924	-0.2	0	1	0	0	0	0
38.456748	0	2.079999924	-0.4	0	1	0	0	0	0
38.466765	0	2.079999924	-0.2	0	1	0	0	0	0
38.476802	0	2.079999924	0	0	1	0	0	0	0
38.486621	0	2.079999924	-0.4	0	1	0	0	0	0
38.496805	0	2.079999924	-0.4	0	1	0	0	0	0
38.506667	0	2.079999924	-0.2	0	1	0	0	0	0
38.516725	0	2.079999924	-0.4	0	1	0	0	0	0
38.526788	0	2.079999924	0	0	1	0	0	0	0
38.536734	0	2.079999924	-0.5	0	1	0	0	0	0
38.546606	0	2.079999924	-0.2	0	1	0	0	0	0
38.556499	0	2.079999924	0	0	1	0	0	0	0
38.566523	0	2.079999924	-0.4	0	1	0	0	0	0
38.576625	0	2.079999924	0	0	1	0	0	0	0
38.586690	0	2.079999924	0	0	1	0	0	0	0
38.596718	0	2.079999924	-0.4	0	1	0	0	0	0
38.606720	0	2.079999924	-0.2	0	1	0	0	0	0
38.616638	0	2.079999924	-0.2	0	1	0	0	0	0
38.626674	0	2.079999924	0	0	1	0	0	0	0
38.636683	0	2.079999924	-0.2	0	1	0	0	0	0
38.646565	0	2.079999924	-0.2	0	1	0	0	0	0
38.656690	0	2.079999924	-0.2	0	1	0	0	0	0
38.666645	0	2.079999924	0	0	1	0	0	0	0
38.676640	0	2.079999924	-0.4	0	1	0	0	0	0
38.686726	0	2.079999924	0	0	1	0	0	0	0
38.696691	0	2.079999924	-0.2	0	1	0	0	0	0
38.706686	0	2.079999924	-0.4	0	1	0	0	0	0
38.716776	0	2.079999924	-0.2	0	1	0	0	0	0
38.726696	0	2.079999924	-2.2	0	1	0	0	0	0
38.736593	0	2.079999924	0	0	1	0	0	0	0
38.746615	0	2.079999924	-0.2	0	1	0	0	0	0
38.756597	0	2.079999924	-0.4	0	1	0	0	0	0
38.766784	0	2.079999924	0	0	1	0	0	0	0
38.776657	0	2.079999924	0	0	1	0	0	0	0
38.786744	0	2.079999924	-0.2	0	1	0	0	0	0
38.796705	0	2.079999924	0.1	0	1	0	0	0	0
38.806641	0	2.079999924	0	0	1	0	0	0	0
38.816736	0	2.079999924	0	0	1	0	0	0	0
38.826634	0	2.079999924	0	0	1	0	0	0	0
38.836631	0	2.079999924	-0.2	0	1	0	0	0	0
38.846664	0	2.079999924	0	0	1	0	0	0	0
38.856670	0	2.079999924	0.1	0	1	0	0	0	0
38.866557	0	2.079999924	-0.2	0	1	0	0	0	0
38.876574	0	2.079999924	0.1	0	1	0	0	0	0
38.886535	0	2.079999924	-0.2	0	1	0	0	0	0
38.896636	0	2.079999924	-0.2	0	1	0	0	0	0
38.906634	0	2.079999924	0.1	0	1	0	0	0	0
38.916527	0	2.079999924	0.4	0	1	0	0	0	0
38.926745	0	2.079999924	0.4	0	1	0	0	0	0
38.936737	0	2.079999924	0	0	1	0	0	0	0
38.946683	0	2.079999924	-0.2	0	1	0	0	0	0
38.956776	0	2.079999924	0.1	0	1	0	0	0	0
38.966722	0	2.079999924	0	0	1	0	0	0	0
38.976593	0	2.079999924	0	0	1	0	0	0	0
38.986753	0	2.079999924	0	0	1	0	0	0	0
38.996479	0	2.079999924	-0.2	0	1	0	0	0	0
39.006503	0	2.079999924	0	0	1	0	0	0	0
39.016579	0	2.079999924	-0.2	0	1	0	0	0	0
39.026856	0	2.079999924	-0.2	0	1	0	0	0	0
39.036788	0	2.079999924	0.1	0	1	0	0	0	0
39.046741	0	2.079999924	0	0	1	0	0	0	0
39.056895	0	2.079999924	0	0	1	0	0	0	0
39.066668	0	2.079999924	0.4	0	1	0	0	0	0
39.076566	0	2.079999924	-0.2	0	1	0	0	0	0
39.086679	0	2.079999924	0.1	0	1	0	0	0	0
39.096537	0	2.079999924	0	0	1	0	0	0	0
39.106593	0	2.079999924	0	0	1	0	0	0	0
39.116580	0	2.079999924	0.5	0	1	0	0	0	0
39.126598	0	2.079999924	0.4	0	1	0	0	0	0
39.136697	0	2.079999924	0	0	1	0	0	0	0
39.146619	0	2.079999924	0.1	0	1	0	0	0	0
39.156645	0	2.079999924	0.4	0	1	0	0	0	0
39.166595	0	2.079999924	0	0	1	0	0	0	0
39.176673	0	2.079999924	0	0	1	0	0	0	0
39.186606	0	2.079999924	0	0	1	0	0	0	0
39.196608	0	2.079999924	0.4	0	1	0	0	0	0
39.206673	0	2.079999924	0.1	0	1	0	0	0	0
39.216687	0	2.079999924	0	0	1	0	0	0	0
39.226456	0	2.079999924	0.4	0	1	0	0	0	0
39.236738	0	2.079999924	0.1	0	1	0	0	0	0
39.246684	0	2.079999924	0	0	1	0	0	0	0
39.256627	0	2.079999924	0	0	1	0	0	0	0
39.266686	0	2.079999924	0	0	1	0	0	0	0
39.276564	0	2.079999924	0.4	0	1	0	0	0	0
39.286600	0	2.079999924	0	0	1	0	0	0	0
39.296787	0	2.079999924	0	0	1	0	0	0	0
39.306794	0	2.079999924	0.1	0	1	0	0	0	0
39.316659	0	2.079999924	0.1	0	1	0	0	0	0
39.326738	0	2.079999924	-0.2	0	1	0	0	0	0
39.336764	0	2.079999924	0.4	0	1	0	0	0	0
39.346651	0	2.079999924	0.4	0	1	0	0	0	0
39.356692	0	2.079999924	0	0	1	0	0	0	0
39.366726	0	2.079999924	0.4	0	1	0	0	0	0
39.376789	0	2.079999924	0	0	1	0	0	0	0
39.386587	0	2.079999924	0.1	0	1	0	0	0	0
39.396681	0	2.079999924	0.1	0	1	0	0	0	0
39.406718	0	2.079999924	0	0	1	0	0	0	0
39.416721	0	2.079999924	0	0	1	0	0	0	0
39.426712	0	2.079999924	0	0	1	0	0	0	0
39.436654	0	2.079999924	0	0	1	0	0	0	0
39.446664	0	2.079999924	0.4	0	1	0	0	0	0
39.456593	0	2.079999924	-0.2	0	1	0	0	0	0
39.466566	0	2.079999924	0.4	0	1	0	0	0	0
39.476574	0	2.079999924	0.4	0	1	0	0	0	0
39.486807	0	2.079999924	0	0	1	0	0	0	0
39.496632	0	2.079999924	0.4	0	1	0	0	0	0
39.506738	0	2.079999924	0.4	0	1	0	0	0	0
39.516584	0	2.079999924	0	0	1	0	0	0	0
39.526636	0	2.079999924	0.1	0	1	0	0	0	0
39.536715	0	2.079999924	0.1	0	1	0	0	0	0
39.546630	0	2.079999924	0.1	0	1	0	0	0	0
39.556637	0	2.079999924	0.4	0	1	0	0	0	0
39.566547	0	2.079999924	0	0	1	0	0	0	0
39.576660	0	2.079999924	0.4	0	1	0	0	0	0
39.586756	0	2.079999924	0.4	0	1	0	0	0	0
39.596649	0	2.079999924	-0.2	0	1	0	0	0	0
39.606690	0	2.079999924	-0.2	0	1	0	0	0	0
39.616805	0	2.079999924	0.1	0	1	0	0	0	0
39.626699	0	2.079999924	0	0	1	0	0	0	0
39.636664	0	2.079999924	0.4	0	1	0	0	0	0
39.646533	0	2.079999924	0	0	1	0	0	0	0
39.656700	0	2.079999924	0	0	1	0	0	0	0
39.666687	0	2.079999924	0.4	0	1	0	0	0	0
39.676686	0	2.079999924	0	0	1	0	0	0	0
39.686670	0	2.079999924	0.1	0	1	0	0	0	0
39.696754	0	2.079999924	0.4	0	1	0	0	0	0
39.706513	0	2.079999924	0	0	1	0	0	0	0
39.716531	0	2.079999924	0.4	0	1	0	0	0	0
39.726596	0	2.079999924	-0.2	0	1	0	0	0	0
39.736529	0	2.079999924	0.4	0	1	0	0	0	0
39.746663	0	2.079999924	0.4	0	1	0	0	0	0
39.756551	0	2.079999924	0	0	1	0	0	0	0
39.766622	0	2.079999924	0.4	0	1	0	0	0	0
39.776761	0	2.079999924	0.4	0	1	0	0	0	0
39.786635	0	2.079999924	0	0	1	0	0	0	0
39.796539	0	2.079999924	0.1	0	1	0	0	0	0
39.806563	0	2.079999924	0.4	0	1	0	0	0	0
39.816617	0	2.079999924	0.4	0	1	0	0	0	0
39.826563	0	2.079999924	0.4	0	1	0	0	0	0
39.836795	0	2.079999924	0	0	1	0	0	0	0
39.846652	0	2.079999924	0.1	0	1	0	0	0	0
39.856493	0	2.079999924	0.1	0	1	0	0	0	0
39.866656	0	2.079999924	0	0	1	0	0	0	0
39.876551	0	2.079999924	0.1	0	1	0	0	0	0
39.886770	0	2.079999924	0.1	0	1	0	0	0	0
39.896680	0	2.079999924	0	0	1	0	0	0	0
39.906621	0	2.079999924	0	0	1	0	0	0	0
39.916549	0	2.079999924	-0.2	0	1	0	0	0	0
39.926694	0	2.079999924	0.4	0	1	0	0	0	0
39.936620	0	2.079999924	0.1	0	1	0	0	0	0
39.946706	0	2.079999924	-0.2	0	1	0	0	0	0
39.956702	0	2.079999924	0.1	0	1	0	0	0	0
39.966938	0	2.079999924	0.1	0	1	0	0	0	0
39.976603	0	2.079999924	-0.2	0	1	0	0	0	0
39.986638	0	2.079999924	-0.2	0	1	0	0	0	0
39.996659	0	2.079999924	0	0	1	0	0	0	0
40.006589	0	2.079999924	0	0	1	0	0	0	0
40.016574	0	2.079999924	0	0	1	0	0	0	0
40.026640	0	2.079999924	-0.2	0	1	0	0	0	0
40.036525	0	2.079999924	-0.2	0	1	0	0	0	0
40.046752	0	2.079999924	0.1	0	1	0	0	0	0
40.056645	0	2.079999924	-0.4	0	1	0	0	0	0
40.066570	0	2.079999924	-0.4	0	1	0	0	0	0
40.076641	0	2.079999924	0	0	1	0	0	0	0
40.086653	0	2.079999924	-0.4	0	1	0	0	0	0
40.096752	0	2.079999924	0	0	1	0	0	0	0
40.106799	0	2.079999924	0	0	1	0	0	0	0
40.116631	0	2.079999924	-0.4	0	1	0	0	0	0
40.126636	0	2.079999924	0	0	1	0	0	0	0
40.136586	0	2.079999924	-0.4	0	1	0	0	0	0
40.146765	0	2.079999924	-0.4	0	1	0	0	0	0
40.156780	0	2.079999924	-0.2	0	1	0	0	0	0
40.166597	0	2.079999924	-0.5	0	1	0	0	0	0
40.176568	0	2.079999924	0	0	1	0	0	0	0
40.186584	0	2.079999924	0	0	1	0	0	0	0
40.196729	0	2.079999924	-0.4	0	1	0	0	0	0
40.206618	0	2.079999924	-0.2	0	1	0	0	0	0
40.216653	0	2.079999924	-0.2	0	1	0	0	0	0
40.226573	0	2.079999924	-0.2	0	1	0	0	0	0
40.236750	0	2.079999924	0	0	1	0	0	0	0
40.246517	0	2.079999924	-0.5	0	1	0	0	0	0
40.256705	0	2.079999924	-0.2	0	1	0	0	0	0
40.266683	0	2.079999924	-0.2	0	1	0	0	0	0
40.276692	0	2.079999924	-0.2	0	1	0	0	0	0
40.286672	0	2.079999924	-0.2	0	1	0	0	0	0
40.296491	0	2.079999924	0	0	1	0	0	0	0
40.306664	0	2.079999924	0	0	1	0	0	0	0
40.316680	0	2.079999924	-0.2	0	1	0	0	0	0
40.326732	0	2.079999924	-0.2	0	1	0	0	0	0
40.336706	0	2.079999924	0	0	1	0	0	0	0
40.346565	0	2.079999924	0	0	1	0	0	0	0
40.356572	0	2.079999924	0	0	1	0	0	0	0
40.366585	0	2.079999924	0	0	1	0	0	0	0
40.376649	0	2.079999924	-0.2	0	1	0	0	0	0
40.386667	0	2.079999924	-0.2	0	1	0	0	0	0
40.396646	0	2.079999924	-0.2	0	1	0	0	0	0
40.406744	0	2.079999924	-0.2	0	1	0	0	0	0
40.416806	0	2.079999924	-0.5	0	1	0	0	0	0
40.426752	0	2.079999924	0	0	1	0	0	0	0
40.436564	0	2.079999924	0	0	1	0	0	0	0
40.446725	0	2.079999924	-0.4	0	1	0	0	0	0
40.456772	0	2.079999924	0	0	1	0	0	0	0
40.466771	0	2.079999924	0	0	1	0	0	0	0
40.476738	0	2.079999924	-0.2	0	1	0	0	0	0
40.486724	0	2.079999924	0	0	1	0	0	0	0
40.496767	0	2.079999924	-0.4	0	1	0	0	0	0
40.506589	0	2.079999924	-0.2	0	1	0	0	0	0
40.516730	0	2.079999924	-0.2	0	1	0	0	0	0
40.526587	0	2.079999924	-0.4	0	1	0	0	0	0
40.536627	0	2.079999924	0	0	1	0	0	0	0
40.546561	0	2.079999924	0	0	1	0	0	0	0
40.556519	0	2.079999924	-0.4	0	1	0	0	0	0
40.566526	0	2.079999924	-0.2	0	1	0	0	0	0
40.576789	0	2.079999924	-0.4	0	1	0	0	0	0
40.586530	0	2.079999924	0	0	1	0	0	0	0
40.596514	0	2.079999924	0	0	1	0	0	0	0
40.606738	0	2.079999924	-0.2	0	1	0	0	0	0
40.616634	0	2.079999924	-0.2	0	1	0	0	0	0
40.626750	0	2.079999924	-0.2	0	1	0	0	0	0
40.636697	0	2.079999924	-0.4	0	1	0	0	0	0
40.646731	0	2.079999924	0	0	1	0	0	0	0
40.656694	0	2.079999924	0	0	1	0	0	0	0
40.666782	0	2.079999924	0	0	1	0	0	0	0
40.676762	0	2.079999924	0	0	1	0	0	0	0
40.686811	0	2.079999924	-0.4	0	1	0	0	0	0
40.696986	0	2.079999924	0	0	1	0	0	0	0
40.706733	0	2.079999924	0	0	1	0	0	0	0
40.716609	0	2.079999924	-0.4	0	1	0	0	0	0
40.726495	0	2.079999924	0	0	1	0	0	0	0
40.736565	0	2.079999924	0	0	1	0	0	0	0
40.746691	0	2.079999924	-0.2	0	1	0	0	0	0
40.756551	0	2.079999924	-0.2	0	1	0	0	0	0
40.766574	0	2.079999924	0	0	1	0	0	0	0
40.776509	0	2.079999924	0	0	1	0	0	0	0
40.787028	0	2.079999924	0	0	1	0	0	0	0
40.796786	0	2.079999924	-0.4	0	1	0	0	0	0
40.806661	0	2.079999924	0	0	1	0	0	0	0
40.816739	0	2.079999924	0	0	1	0	0	0	0
40.826697	0	2.079999924	-0.2	0	1	0	0	0	0
40.836575	0	2.079999924	-0.2	0	1	0	0	0	0
40.846816	0	2.079999924	0	0	1	0	0	0	0
40.856652	0	2.079999924	-0.2	0	1	0	0	0	0
40.866588	0	2.079999924	-0.2	0	1	0	0	0	0
40.876732	0	2.079999924	0.1	0	1	0	0	0	0
40.886680	0	2.079999924	-0.2	0	1	0	0	0	0
40.896712	0	2.079999924	-0.2	0	1	0	0	0	0
40.906533	0	2.079999924	-0.2	0	1	0	0	0	0
40.916625	0	2.079999924	-0.2	0	1	0	0	0	0
40.926764	0	2.079999924	0.1	0	1	0	0	0	0
40.936514	0	2.079999924	0.1	0	1	0	0	0	0
40.946727	0	2.079999924	-0.2	0	1	0	0	0	0
40.956752	0	2.079999924	0.4	0	1	0	0	0	0
40.966728	0	2.079999924	0	0	1	0	0	0	0
40.976799	0	2.079999924	0.1	0	1	0	0	0	0
40.986672	0	2.079999924	0.1	0	1	0	0	0	0
40.996784	0	2.079999924	0.1	0	1	0	0	0	0
41.006703	0	2.079999924	0.1	0	1	0	0	0	0
41.016652	0	2.079999924	-0.2	0	1	0	0	0	0
41.026628	0	2.079999924	-0.2	0	1	0	0	0	0
41.036847	0	2.079999924	0	0	1	0	0	0	0
41.046707	0	2.079999924	0	0	1	0	0	0	0
41.056703	0	2.079999924	0.1	0	1	0	0	0	0
41.066736	0	2.079999924	0.1	0	1	0	0	0	0
41.076616	0	2.079999924	0.1	0	1	0	0	0	0
41.086652	0	2.079999924	0.1	0	1	0	0	0	0
41.096539	0	2.079999924	-0.2	0	1	0	0	0	0
41.106805	0	2.079999924	-0.2	0	1	0	0	0	0
41.116682	0	2.079999924	0.1	0	1	0	0	0	0
41.126704	0	2.079999924	0.1	0	1	0	0	0	0
41.136774	0	2.079999924	0.1	0	1	0	0	0	0
41.146598	0	2.079999924	0.1	0	1	0	0	0	0
41.156713	0	2.079999924	0.1	0	1	0	0	0	0
41.166742	0	2.079999924	0.4	0	1	0	0	0	0
41.176761	0	2.079999924	0	0	1	0	0	0	0
41.186720	0	2.079999924	0	0	1	0	0	0	0
41.196702	0	2.079999924	0	0	1	0	0	0	0
41.206993	0	2.079999924	0	0	1	0	0	0	0
41.216707	0	2.079999924	0	0	1	0	0	0	0
41.226641	0	2.079999924	0.1	0	1	0	0	0	0
41.236675	0	2.079999924	0.1	0	1	0	0	0	0
41.246682	0	2.079999924	0.1	0	1	0	0	0	0
41.256700	0	2.079999924	0.1	0	1	0	0	0	0
41.266519	0	2.079999924	0.1	0	1	0	0	0	0
41.276601	0	2.079999924	0.1	0	1	0	0	0	0
41.286690	0	2.079999924	0.1	0	1	0	0	0	0
41.296789	0	2.079999924	-0.2	0	1	0	0	0	0
41.306707	0	2.079999924	0.1	0	1	0	0	0	0
41.316636	0	2.079999924	0.1	0	1	0	0	0	0
41.326566	0	2.079999924	0.1	0	1	0	0	0	0
41.336673	0	2.079999924	0	0	1	0	0	0	0
41.346805	0	2.079999924	0	0	1	0	0	0	0
41.356750	0	2.079999924	0.1	0	1	0	0	0	0
41.366696	0	2.079999924	0.1	0	1	0	0	0	0
41.376711	0	2.079999924	0	0	1	0	0	0	0
41.386647	0	2.079999924	0.1	0	1	0	0	0	0
41.396640	0	2.079999924	0.1	0	1	0	0	0	0
41.406852	0	2.079999924	0.1	0	1	0	0	0	0
41.416626	0	2.079999924	0	0	1	0	0	0	0
41.426611	0	2.079999924	0	0	1	0	0	0	0
41.436652	0	2.079999924	0.1	0	1	0	0	0	0
41.446569	0	2.079999924	0.1	0	1	0	0	0	0
41.456620	0	2.079999924	-0.2	0	1	0	0	0	0
41.466731	0	2.079999924	0.4	0	1	0	0	0	0
41.476790	0	2.079999924	0.4	0	1	0	0	0	0
41.486864	0	2.079999924	-0.2	0	1	0	0	0	0
41.496501	0	2.079999924	0.1	0	1	0	0	0	0
41.506690	0	2.079999924	0.1	0	1	0	0	0	0
41.516760	0	2.079999924	0	0	1	0	0	0	0
41.526666	0	2.079999924	0	0	1	0	0	0	0
41.536720	0	2.079999924	-0.2	0	1	0	0	0	0
41.546795	0	2.079999924	0.1	0	1	0	0	0	0
41.556818	0	2.079999924	0.1	0	1	0	0	0	0
41.566957	0	2.079999924	0	0	1	0	0	0	0
41.576607	0	2.079999924	0.1	0	1	0	0	0	0
41.586715	0	2.079999924	0.1	0	1	0	0	0	0
41.596719	0	2.079999924	0.4	0	1	0	0	0	0
41.606717	0	2.079999924	0.4	0	1	0	0	0	0
41.616610	0	2.079999924	-0.2	0	1	0	0	0	0
41.626496	0	2.079999924	0	0	1	0	0	0	0
41.636626	0	2.079999924	0	0	1	0	0	0	0
41.646778	0	2.079999924	-0.2	0	1	0	0	0	0
41.656891	0	2.079999924	0.1	0	1	0	0	0	0
41.666713	0	2.079999924	0.1	0	1	0	0	0	0
41.676602	0	2.079999924	0.1	0	1	0	0	0	0
41.686705	0	2.079999924	0.1	0	1	0	0	0	0
41.696763	0	2.079999924	-0.2	0	1	0	0	0	0
41.706840	0	2.079999924	0.1	0	1	0	0	0	0
41.716706	0	2.079999924	0.1	0	1	0	0	0	0
41.726664	0	2.079999924	-0.2	0	1	0	0	0	0
41.736831	0	2.079999924	-0.2	0	1	0	0	0	0
41.746850	0	2.079999924	-0.2	0	1	0	0	0	0
41.756779	0	2.079999924	-0.2	0	1	0	0	0	0
41.766818	0	2.079999924	-0.2	0	1	0	0	0	0
41.776789	0	2.079999924	-0.2	0	1	0	0	0	0
41.787050	0	2.079999924	0	0	1	0	0	0	0
41.796791	0	2.079999924	0	0	1	0	0	0	0
41.806705	0	2.079999924	-0.2	0	1	0	0	0	0
41.816605	0	2.079999924	-0.2	0	1	0	0	0	0
41.826723	0	2.079999924	0.1	0	1	0	0	0	0
41.836882	0	2.079999924	0	0	1	0	0	0	0
41.847028	0	2.079999924	0	0	1	0	0	0	0
41.856581	0	2.079999924	-0.2	0	1	0	0	0	0
41.866593	0	2.079999924	0.1	0	1	0	0	0	0
41.876712	0	2.079999924	0.1	0	1	0	0	0	0
41.886614	0	2.079999924	-0.2	0	1	0	0	0	0
41.896722	0	2.079999924	-0.2	0	1	0	0	0	0
41.906852	0	2.079999924	0	0	1	0	0	0	0
41.916731	0	2.079999924	-0.2	0	1	0	0	0	0
41.926716	0	2.079999924	-0.2	0	1	0	0	0	0
41.936757	0	2.079999924	0.1	0	1	0	0	0	0
41.946666	0	2.079999924	0	0	1	0	0	0	0
41.956670	0	2.079999924	0	0	1	0	0	0	0
41.967209	0	2.079999924	-0.2	0	1	0	0	0	0
41.976745	0	2.079999924	-0.2	0	1	0	0	0	0
41.986600	0	2.079999924	0.1	0	1	0	0	0	0
41.996639	0	2.079999924	0	0	1	0	0	0	0
42.006668	0	2.079999924	0	0	1	0	0	0	0
42.016577	0	2.079999924	-0.2	0	1	0	0	0	0
42.026597	0	2.079999924	-0.2	0	1	0	0	0	0
42.036779	0	2.079999924	-0.2	0	1	0	0	0	0
42.046658	0	2.079999924	-0.2	0	1	0	0	0	0
42.056830	0	2.079999924	-0.2	0	1	0	0	0	0
42.066738	0	2.079999924	0	0	1	0	0	0	0
42.076922	0	2.079999924	-0.2	0	1	0	0	0	0
42.086773	0	2.079999924	-0.2	0	1	0	0	0	0
42.096665	0	2.079999924	-0.2	0	1	0	0	0	0
42.106631	0	2.079999924	0	0	1	0	0	0	0
42.116703	0	2.079999924	0	0	1	0	0	0	0
42.126699	0	2.079999924	-0.2	0	1	0	0	0	0
42.136729	0	2.079999924	-0.2	0	1	0	0	0	0
42.146698	0	2.079999924	0.1	0	1	0	0	0	0
42.156713	0	2.079999924	-0.2	0	1	0	0	0	0
42.166604	0	2.079999924	-0.2	0	1	0	0	0	0
42.176546	0	2.079999924	0.1	0	1	0	0	0	0
42.186492	0	2.079999924	0	0	1	0	0	0	0
42.196698	0	2.079999924	0	0	1	0	0	0	0
42.206580	0	2.079999924	-0.2	0	1	0	0	0	0
42.216700	0	2.079999924	-0.2	0	1	0	0	0	0
42.226719	0	2.079999924	0.1	0	1	0	0	0	0
42.236602	0	2.079999924	-0.2	0	1	0	0	0	0
42.246703	0	2.079999924	-0.2	0	1	0	0	0	0
42.256937	0	2.079999924	0.1	0	1	0	0	0	0
42.268070	0	2.079999924	0	0	1	0	0	0	0
42.277288	0	2.079999924	0	0	1	0	0	0	0
42.286473	0	2.079999924	0.1	0	1	0	0	0	0
42.296587	0	2.079999924	0.1	0	1	0	0	0	0
42.306776	0	2.079999924	0.1	0	1	0	0	0	0
42.316644	0	2.079999924	-0.2	0	1	0	0	0	0
42.326792	0	2.079999924	-0.2	0	1	0	0	0	0
42.336788	0	2.079999924	0.1	0	1	0	0	0	0
42.346726	0	2.079999924	-0.2	0	1	0	0	0	0
42.356622	0	2.079999924	-0.2	0	1	0	0	0	0
42.366589	0	2.079999924	0	0	1	0	0	0	0
42.376758	0	2.079999924	0	0	1	0	0	0	0
42.387258	0	2.079999924	0.1	0	1	0	0	0	0
42.396941	0	2.079999924	-0.2	0	1	0	0	0	0
42.407742	0	2.079999924	-0.2	0	1	0	0	0	0
42.416843	0	2.079999924	0.1	0	1	0	0	0	0
42.426576	0	2.079999924	-0.2	0	1	0	0	0	0
42.437171	0	2.079999924	-0.2	0	1	0	0	0	0
42.446906	0	2.079999924	-0.2	0	1	0	0	0	0
42.457309	0	2.079999924	-0.2	0	1	0	0	0	0
42.466797	0	2.079999924	0	0	1	0	0	0	0
42.476709	0	2.079999924	-0.2	0	1	0	0	0	0
42.486725	0	2.079999924	-0.2	0	1	0	0	0	0
42.496639	0	2.079999924	0	0	1	0	0	0	0
42.506505	0	2.079999924	-0.2	0	1	0	0	0	0
42.516544	0	2.079999924	-0.2	0	1	0	0	0	0
42.526689	0	2.079999924	0	0	1	0	0	0	0
42.536608	0	2.079999924	0	0	1	0	0	0	0
42.546789	0	2.079999924	0	0	1	0	0	0	0
42.556644	0	2.079999924	-0.2	0	1	0	0	0	0
42.566710	0	2.079999924	-0.2	0	1	0	0	0	0
42.576707	0	2.079999924	0.4	0	1	0	0	0	0
42.586813	0	2.079999924	0.4	0	1	0	0	0	0
42.596841	0	2.079999924	0.1	0	1	0	0	0	0
42.606741	0	2.079999924	0.1	0	1	0	0	0	0
42.616596	0	2.079999924	0.1	0	1	0	0	0	0
42.626613	0	2.079999924	0.1	0	1	0	0	0	0
42.636675	0	2.079999924	-0.2	0	1	0	0	0	0
42.646702	0	2.079999924	-0.2	0	1	0	0	0	0
42.656699	0	2.079999924	0.4	0	1	0	0	0	0
42.666755	0	2.079999924	0.4	0	1	0	0	0	0
42.676773	0	2.079999924	0.1	0	1	0	0	0	0
42.686734	0	2.079999924	0.1	0	1	0	0	0	0
42.696725	0	2.079999924	0.1	0	1	0	0	0	0
42.706613	0	2.079999924	0.1	0	1	0	0	0	0
42.716665	0	2.079999924	-0.2	0	1	0	0	0	0
42.726808	0	2.079999924	-0.2	0	1	0	0	0	0
42.736730	0	2.079999924	0.4	0	1	0	0	0	0
42.746684	0	2.079999924	0.4	0	1	0	0	0	0
42.756685	0	2.079999924	0.1	0	1	0	0	0	0
42.766646	0	2.079999924	0.1	0	1	0	0	0	0
42.776614	0	2.079999924	0.1	0	1	0	0	0	0
42.786760	0	2.079999924	0	0	1	0	0	0	0
42.796659	0	2.079999924	-0.2	0	1	0	0	0	0
42.806691	0	2.079999924	-0.2	0	1	0	0	0	0
42.816724	0	2.079999924	0.4	0	1	0	0	0	0
42.826666	0	2.079999924	0.4	0	1	0	0	0	0
42.836766	0	2.079999924	0	0	1	0	0	0	0
42.846716	0	2.079999924	0.1	0	1	0	0	0	0
42.856578	0	2.079999924	0.1	0	1	0	0	0	0
42.866793	0	2.079999924	-0.2	0	1	0	0	0	0
42.876617	0	2.079999924	0.1	0	1	0	0	0	0
42.886718	0	2.079999924	0.1	0	1	0	0	0	0
42.896532	0	2.079999924	0	0	1	0	0	0	0
42.906594	0	2.079999924	0	0	1	0	0	0	0
42.916654	0	2.079999924	-0.2	0	1	0	0	0	0
42.926631	0	2.079999924	0.4	0	1	0	0	0	0
42.936713	0	2.079999924	0.4	0	1	0	0	0	0
42.946692	0	2.079999924	0.1	0	1	0	0	0	0
42.956672	0	2.079999924	0.1	0	1	0	0	0	0
42.966778	0	2.079999924	0.1	0	1	0	0	0	0
42.976798	0	2.079999924	0.1	0	1	0	0	0	0
42.986805	0	2.079999924	0.1	0	1	0	0	0	0
42.996798	0	2.079999924	0.1	0	1	0	0	0	0
43.006607	0	2.079999924	0.1	0	1	0	0	0	0
43.016608	0	2.079999924	0.1	0	1	0	0	0	0
43.026566	0	2.079999924	0.1	0	1	0	0	0	0
43.036566	0	2.079999924	0.1	0	1	0	0	0	0
43.046681	0	2.079999924	0.1	0	1	0	0	0	0
43.056688	0	2.079999924	0.1	0	1	0	0	0	0
43.066791	0	2.079999924	0.1	0	1	0	0	0	0
43.076531	0	2.079999924	0.1	0	1	0	0	0	0
43.086513	0	2.079999924	0.1	0	1	0	0	0	0
43.096553	0	2.079999924	0.1	0	1	0	0	0	0
43.106695	0	2.079999924	0.1	0	1	0	0	0	0
43.116728	0	2.079999924	0	0	1	0	0	0	0
43.126656	0	2.079999924	0	0	1	0	0	0	0
43.136733	0	2.079999924	0.1	0	1	0	0	0	0
43.146728	0	2.079999924	0.1	0	1	0	0	0	0
43.156820	0	2.079999924	0.1	0	1	0	0	0	0
43.166805	0	2.079999924	0.1	0	1	0	0	0	0
43.176562	0	2.079999924	0.1	0	1	0	0	0	0
43.186746	0	2.079999924	0.1	0	1	0	0	0	0
43.196707	0	2.079999924	0	0	1	0	0	0	0
43.206618	0	2.079999924	0	0	1	0	0	0	0
43.216622	0	2.079999924	0.1	0	1	0	0	0	0
43.226702	0	2.079999924	0.1	0	1	0	0	0	0
43.236826	0	2.079999924	0.1	0	1	0	0	0	0
43.246820	0	2.079999924	0	0	1	0	0	0	0
43.256512	0	2.079999924	0	0	1	0	0	0	0
43.266578	0	2.079999924	0	0	1	0	0	0	0
43.276659	0	2.079999924	-0.2	0	1	0	0	0	0
43.286861	0	2.079999924	-0.2	0	1	0	0	0	0
43.296664	0	2.079999924	0.1	0	1	0	0	0	0
43.306595	0	2.079999924	0.1	0	1	0	0	0	0
43.316671	0	2.079999924	0	0	1	0	0	0	0
43.326690	0	2.079999924	0	0	1	0	0	0	0
43.336758	0	2.079999924	0	0	1	0	0	0	0
43.346761	0	2.079999924	0.1	0	1	0	0	0	0
43.356641	0	2.079999924	0.1	0	1	0	0	0	0
43.366814	0	2.079999924	-0.2	0	1	0	0	0	0
43.376750	0	2.079999924	0.1	0	1	0	0	0	0
43.386716	0	2.079999924	0.1	0	1	0	0	0	0
43.396599	0	2.079999924	0.1	0	1	0	0	0	0
43.406604	0	2.079999924	0	0	1	0	0	0	0
43.416611	0	2.079999924	0	0	1	0	0	0	0
43.426726	0	2.079999924	0.1	0	1	0	0	0	0
43.436719	0	2.079999924	0.1	0	1	0	0	0	0
43.446557	0	2.079999924	-0.2	0	1	0	0	0	0
43.456744	0	2.079999924	0.1	0	1	0	0	0	0
43.466594	0	2.079999924	0.1	0	1	0	0	0	0
43.476613	0	2.079999924	0.1	0	1	0	0	0	0
43.486684	0	2.079999924	0	0	1	0	0	0	0
43.496742	0	2.079999924	0	0	1	0	0	0	0
43.506820	0	2.079999924	0.1	0	1	0	0	0	0
43.516855	0	2.079999924	0.1	0	1	0	0	0	0
43.526751	0	2.079999924	-0.2	0	1	0	0	0	0
43.536724	0	2.079999924	0.1	0	1	0	0	0	0
43.546776	0	2.079999924	0.1	0	1	0	0	0	0
43.556670	0	2.079999924	0.1	0	1	0	0	0	0
43.566567	0	2.079999924	0.1	0	1	0	0	0	0
43.576736	0	2.079999924	0.1	0	1	0	0	0	0
43.586721	0	2.079999924	0.1	0	1	0	0	0	0
43.596838	0	2.079999924	0.1	0	1	0	0	0	0
43.606720	0	2.079999924	0	0	1	0	0	0	0
43.616710	0	2.079999924	0.1	0	1	0	0	0	0
43.626597	0	2.079999924	0.1	0	1	0	0	0	0
43.636609	0	2.079999924	0.1	0	1	0	0	0	0
43.646574	0	2.079999924	0.1	0	1	0	0	0	0
43.656729	0	2.079999924	0.1	0	1	0	0	0	0
43.666728	0	2.079999924	0	0	1	0	0	0	0
43.676598	0	2.079999924	0	0	1	0	0	0	0
43.686560	0	2.079999924	0	0	1	0	0	0	0
43.696813	0	2.079999924	0	0	1	0	0	0	0
43.706750	0	2.079999924	0	0	1	0	0	0	0
43.716618	0	2.079999924	0	0	1	0	0	0	0
43.726588	0	2.079999924	0.1	0	1	0	0	0	0
43.736763	0	2.079999924	0.1	0	1	0	0	0	0
43.746701	0	2.079999924	0	0	1	0	0	0	0
43.756639	0	2.079999924	0	0	1	0	0	0	0
43.766719	0	2.079999924	0.1	0	1	0	0	0	0
43.776658	0	2.079999924	0.1	0	1	0	0	0	0
43.786754	0	2.079999924	0.1	0	1	0	0	0	0
43.796650	0	2.079999924	0.1	0	1	0	0	0	0
43.806612	0	2.079999924	0.1	0	1	0	0	0	0
43.817057	0	2.079999924	0.1	0	1	0	0	0	0
43.826615	0	2.079999924	0.1	0	1	0	0	0	0
43.836643	0	2.079999924	0.1	0	1	0	0	0	0
43.846990	0	2.079999924	0.1	0	1	0	0	0	0
43.856747	0	2.079999924	0.1	0	1	0	0	0	0
43.866722	0	2.079999924	0.1	0	1	0	0	0	0
43.876574	0	2.079999924	0.1	0	1	0	0	0	0
43.886589	0	2.079999924	0	0	1	0	0	0	0
43.896667	0	2.079999924	0	0	1	0	0	0	0
43.906722	0	2.079999924	0.1	0	1	0	0	0	0
43.916728	0	2.079999924	0.1	0	1	0	0	0	0
43.929029	0	2.079999924	-0.2	0	1	0	0	0	0
43.937207	0	2.079999924	0	0	1	0	0	0	0
43.946828	0	2.079999924	0	0	1	0	0	0	0
43.956582	0	2.079999924	0	0	1	0	0	0	0
43.966651	0	2.079999924	-0.4	0	1	0	0	0	0
43.976686	0	2.079999924	-0.4	0	1	0	0	0	0
43.986542	0	2.079999924	-0.2	0	1	0	0	0	0
43.996653	0	2.079999924	-0.2	0	1	0	0	0	0
44.006576	0	2.079999924	0	0	1	0	0	0	0
44.016679	0	2.079999924	-0.2	0	1	0	0	0	0
44.026570	0	2.079999924	-0.2	0	1	0	0	0	0
44.036827	0	2.079999924	0	0	1	0	0	0	0
44.046818	0	2.079999924	0	0	1	0	0	0	0
44.056865	0	2.079999924	-0.4	0	1	0	0	0	0
44.066840	0	2.079999924	-0.2	0	1	0	0	0	0
44.077011	0	2.079999924	-0.2	0	1	0	0	0	0
44.086747	0	2.079999924	-0.2	0	1	0	0	0	0
44.096730	0	2.079999924	0	0	1	0	0	0	0
44.106759	0	2.079999924	0	0	1	0	0	0	0
44.116647	0	2.079999924	0	0	1	0	0	0	0
44.126798	0	2.079999924	0	0	1	0	0	0	0
44.136747	0	2.079999924	-0.2	0	1	0	0	0	0
44.146548	0	2.079999924	-0.2	0	1	0	0	0	0
44.156784	0	2.079999924	-0.2	0	1	0	0	0	0
44.166528	0	2.079999924	-0.4	0	1	0	0	0	0
44.176723	0	2.079999924	0	0	1	0	0	0	0
44.186795	0	2.079999924	0	0	1	0	0	0	0
44.196732	0	2.079999924	-0.2	0	1	0	0	0	0
44.206748	0	2.079999924	-0.2	0	1	0	0	0	0
44.216717	0	2.079999924	0	0	1	0	0	0	0
44.226805	0	2.079999924	0	0	1	0	0	0	0
44.236661	0	2.079999924	0	0	1	0	0	0	0
44.246754	0	2.079999924	0	0	1	0	0	0	0
44.256793	0	2.079999924	0	0	1	0	0	0	0
44.266618	0	2.079999924	0	0	1	0	0	0	0
44.276568	0	2.079999924	0	0	1	0	0	0	0
44.286773	0	2.079999924	0	0	1	0	0	0	0
44.296673	0	2.079999924	-0.4	0	1	0	0	0	0
44.306679	0	2.079999924	0	0	1	0	0	0	0
44.316618	0	2.079999924	0	0	1	0	0	0	0
44.326829	0	2.079999924	-0.2	0	1	0	0	0	0
44.336540	0	2.079999924	-0.2	0	1	0	0	0	0
44.346557	0	2.079999924	-0.2	0	1	0	0	0	0
44.356720	0	2.079999924	-0.2	0	1	0	0	0	0
44.366699	0	2.079999924	-0.2	0	1	0	0	0	0
44.376795	0	2.079999924	-0.2	0	1	0	0	0	0
44.386767	0	2.079999924	-0.2	0	1	0	0	0	0
44.396631	0	2.079999924	-0.2	0	1	0	0	0	0
44.406690	0	2.079999924	-0.2	0	1	0	0	0	0
44.416656	0	2.079999924	-0.4	0	1	0	0	0	0
44.426940	0	2.079999924	-0.4	0	1	0	0	0	0
44.436727	0	2.079999924	0	0	1	0	0	0	0
44.446744	0	2.079999924	0	0	1	0	0	0	0
44.456852	0	2.079999924	0	0	1	0	0	0	0
44.466713	0	2.079999924	-0.2	0	1	0	0	0	0
44.476940	0	2.079999924	-0.2	0	1	0	0	0	0
44.487080	0	2.079999924	0	0	1	0	0	0	0
44.496698	0	2.079999924	0	0	1	0	0	0	0
44.506774	0	2.079999924	0	0	1	0	0	0	0
44.516624	0	2.079999924	0	0	1	0	0	0	0
44.526567	0	2.079999924	0	0	1	0	0	0	0
44.536760	0	2.079999924	0	0	1	0	0	0	0
44.546661	0	2.079999924	0	0	1	0	0	0	0
44.556623	0	2.079999924	0	0	1	0	0	0	0
44.566717	0	2.079999924	0	0	1	0	0	0	0
44.576699	0	2.079999924	0	0	1	0	0	0	0
44.586799	0	2.079999924	0	0	1	0	0	0	0
44.596629	0	2.079999924	-0.2	0	1	0	0	0	0
44.606746	0	2.079999924	-0.2	0	1	0	0	0	0
44.616746	0	2.079999924	-0.4	0	1	0	0	0	0
44.626749	0	2.079999924	0	0	1	0	0	0	0
44.636679	0	2.079999924	0	0	1	0	0	0	0
44.646585	0	2.079999924	0	0	1	0	0	0	0
44.657032	0	2.079999924	-0.4	0	1	0	0	0	0
44.667759	0	2.079999924	-0.4	0	1	0	0	0	0
44.676771	0	2.079999924	0	0	1	0	0	0	0
44.686608	0	2.079999924	0	0	1	0	0	0	0
44.696776	0	2.079999924	0	0	1	0	0	0	0
44.706642	0	2.079999924	-0.2	0	1	0	0	0	0
44.716663	0	2.079999924	-0.2	0	1	0	0	0	0
44.726703	0	2.079999924	-0.2	0	1	0	0	0	0
44.736666	0	2.079999924	-0.4	0	1	0	0	0	0
44.746868	0	2.079999924	-0.4	0	1	0	0	0	0
44.756568	0	2.079999924	-0.2	0	1	0	0	0	0
44.766628	0	2.079999924	-0.2	0	1	0	0	0	0
44.776758	0	2.079999924	0	0	1	0	0	0	0
44.786617	0	2.079999924	0	0	1	0	0	0	0
44.796742	0	2.079999924	0	0	1	0	0	0	0
44.806806	0	2.079999924	0	0	1	0	0	0	0
44.816731	0	2.079999924	0	0	1	0	0	0	0
44.826575	0	2.079999924	-0.4	0	1	0	0	0	0
44.836686	0	2.079999924	-0.2	0	1	0	0	0	0
44.846735	0	2.079999924	-0.2	0	1	0	0	0	0
44.856666	0	2.079999924	0	0	1	0	0	0	0
44.866534	0	2.079999924	-0.4	0	1	0	0	0	0
44.876649	0	2.079999924	-0.4	0	1	0	0	0	0
44.886576	0	2.079999924	0.1	0	1	0	0	0	0
44.896564	0	2.079999924	-0.4	0	1	0	0	0	0
44.906489	0	2.079999924	0	0	1	0	0	0	0
44.916688	0	2.079999924	-0.2	0	1	0	0	0	0
44.926514	0	2.079999924	-0.2	0	1	0	0	0	0
44.936705	0	2.079999924	-0.2	0	1	0	0	0	0
44.946736	0	2.079999924	-0.4	0	1	0	0	0	0
44.956727	0	2.079999924	-0.4	0	1	0	0	0	0
44.966860	0	2.079999924	-0.2	0	1	0	0	0	0
44.976655	0	2.079999924	-0.2	0	1	0	0	0	0
44.986729	0	2.079999924	0.1	0	1	0	0	0	0
44.996650	0	2.079999924	0	0	1	0	0	0	0
45.006769	0	2.079999924	0	0	1	0	0	0	0
45.016709	0	2.079999924	0.1	0	1	0	0	0	0
45.026584	0	2.079999924	-0.2	0	1	0	0	0	0
45.036699	0	2.079999924	-0.2	0	1	0	0	0	0
45.046790	0	2.079999924	0.1	0	1	0	0	0	0
45.056674	0	2.079999924	0.1	0	1	0	0	0	0
45.066549	0	2.079999924	0.1	0	1	0	0	0	0
45.076694	0	2.079999924	0.1	0	1	0	0	0	0
45.086760	0	2.079999924	0.1	0	1	0	0	0	0
45.096713	0	2.079999924	0.1	0	1	0	0	0	0
45.106609	0	2.079999924	-0.2	0	1	0	0	0	0
45.116613	0	2.079999924	-0.2	0	1	0	0	0	0
45.126819	0	2.079999924	0.1	0	1	0	0	0	0
45.136752	0	2.079999924	0.1	0	1	0	0	0	0
45.146758	0	2.079999924	0.1	0	1	0	0	0	0
45.156722	0	2.079999924	-0.2	0	1	0	0	0	0
45.166711	0	2.079999924	-0.2	0	1	0	0	0	0
45.176600	0	2.079999924	0.1	0	1	0	0	0	0
45.186728	0	2.079999924	0.1	0	1	0	0	0	0
45.196728	0	2.079999924	-0.2	0	1	0	0	0	0
45.206767	0	2.079999924	0.1	0	1	0	0	0	0
45.216807	0	2.079999924	0.1	0	1	0	0	0	0
45.226758	0	2.079999924	0.1	0	1	0	0	0	0
45.236744	0	2.079999924	-0.2	0	1	0	0	0	0
45.246611	0	2.079999924	-0.2	0	1	0	0	0	0
45.256593	0	2.079999924	0.1	0	1	0	0	0	0
45.266592	0	2.079999924	-0.2	0	1	0	0	0	0
45.276587	0	2.079999924	-0.2	0	1	0	0	0	0
45.286535	0	2.079999924	-0.2	0	1	0	0	0	0
45.296596	0	2.079999924	-0.2	0	1	0	0	0	0
45.306714	0	2.079999924	0.4	0	1	0	0	0	0
45.316859	0	2.079999924	-0.2	0	1	0	0	0	0
45.326706	0	2.079999924	-0.2	0	1	0	0	0	0
45.336761	0	2.079999924	0	0	1	0	0	0	0
45.346585	0	2.079999924	0	0	1	0	0	0	0
45.356778	0	2.079999924	-0.2	0	1	0	0	0	0
45.366728	0	2.079999924	-0.2	0	1	0	0	0	0
45.376737	0	2.079999924	-0.2	0	1	0	0	0	0
45.386579	0	2.079999924	0.1	0	1	0	0	0	0
45.396615	0	2.079999924	-0.2	0	1	0	0	0	0
45.406800	0	2.079999924	-0.2	0	1	0	0	0	0
45.416640	0	2.079999924	0.1	0	1	0	0	0	0
45.426685	0	2.079999924	0.4	0	1	0	0	0	0
45.436554	0	2.079999924	0.4	0	1	0	0	0	0
45.446764	0	2.079999924	0	0	1	0	0	0	0
45.456715	0	2.079999924	0	0	1	0	0	0	0
45.466595	0	2.079999924	0.1	0	1	0	0	0	0
45.476610	0	2.079999924	0.1	0	1	0	0	0	0
45.486632	0	2.079999924	0.1	0	1	0	0	0	0
45.496616	0	2.079999924	0	0	1	0	0	0	0
45.506526	0	2.079999924	0.1	0	1	0	0	0	0
45.516631	0	2.079999924	0.1	0	1	0	0	0	0
45.526881	0	2.079999924	0.1	0	1	0	0	0	0
45.536753	0	2.079999924	0.1	0	1	0	0	0	0
45.546525	0	2.079999924	0.5	0	1	0	0	0	0
45.556676	0	2.079999924	0.4	0	1	0	0	0	0
45.566667	0	2.079999924	0.4	0	1	0	0	0	0
45.576637	0	2.079999924	0	0	1	0	0	0	0
45.586664	0	2.079999924	0.4	0	1	0	0	0	0
45.596659	0	2.079999924	0.4	0	1	0	0	0	0
45.606579	0	2.079999924	0.1	0	1	0	0	0	0
45.616604	0	2.079999924	0.1	0	1	0	0	0	0
45.626584	0	2.079999924	0	0	1	0	0	0	0
45.636634	0	2.079999924	0.4	0	1	0	0	0	0
45.646707	0	2.079999924	0.4	0	1	0	0	0	0
45.656785	0	2.079999924	0	0	1	0	0	0	0
45.666605	0	2.079999924	0.4	0	1	0	0	0	0
45.676656	0	2.079999924	0.4	0	1	0	0	0	0
45.686704	0	2.079999924	0.1	0	1	0	0	0	0
45.696480	0	2.079999924	0.1	0	1	0	0	0	0
45.706528	0	2.079999924	0	0	1	0	0	0	0
45.716512	0	2.079999924	0.4	0	1	0	0	0	0
45.726719	0	2.079999924	0.4	0	1	0	0	0	0
45.736754	0	2.079999924	0.1	0	1	0	0	0	0
45.746792	0	2.079999924	0.1	0	1	0	0	0	0
45.756784	0	2.079999924	0.5	0	1	0	0	0	0
45.766589	0	2.079999924	0.4	0	1	0	0	0	0
45.776607	0	2.079999924	0.4	0	1	0	0	0	0
45.786684	0	2.079999924	0.1	0	1	0	0	0	0
45.796635	0	2.079999924	0.4	0	1	0	0	0	0
45.806627	0	2.079999924	0.4	0	1	0	0	0	0
45.816760	0	2.079999924	0	0	1	0	0	0	0
45.826647	0	2.079999924	0.5	0	1	0	0	0	0
45.836762	0	2.079999924	0.5	0	1	0	0	0	0
45.846603	0	2.079999924	0.4	0	1	0	0	0	0
45.856676	0	2.079999924	0.4	0	1	0	0	0	0
45.866716	0	2.079999924	0.1	0	1	0	0	0	0
45.876551	0	2.079999924	0.5	0	1	0	0	0	0
45.886626	0	2.079999924	0.5	0	1	0	0	0	0
45.896594	0	2.079999924	0.4	0	1	0	0	0	0
45.906641	0	2.079999924	0.4	0	1	0	0	0	0
45.916723	0	2.079999924	0.5	0	1	0	0	0	0
45.926885	0	2.079999924	0.5	0	1	0	0	0	0
45.936617	0	2.079999924	0.5	0	1	0	0	0	0
45.946687	0	2.079999924	0	0	1	0	0	0	0
45.956650	0	2.079999924	0.4	0	1	0	0	0	0
45.966610	0	2.079999924	0.4	0	1	0	0	0	0
45.976585	0	2.079999924	0.5	0	1	0	0	0	0
45.986817	0	2.079999924	0.5	0	1	0	0	0	0
45.996727	0	2.079999924	0.4	0	1	0	0	0	0
46.006760	0	2.079999924	0.4	0	1	0	0	0	0
46.016721	0	2.079999924	0.4	0	1	0	0	0	0
46.026563	0	2.079999924	0.4	0	1	0	0	0	0
46.036695	0	2.079999924	0.4	0	1	0	0	0	0
46.046511	0	2.079999924	0.4	0	1	0	0	0	0
46.056717	0	2.079999924	0.1	0	1	0	0	0	0
46.066655	0	2.079999924	0.1	0	1	0	0	0	0
46.076698	0	2.079999924	0.1	0	1	0	0	0	0
46.086620	0	2.079999924	0.4	0	1	0	0	0	0
46.096684	0	2.079999924	0.4	0	1	0	0	0	0
46.106908	0	2.079999924	-0.2	0	1	0	0	0	0
46.116654	0	2.079999924	0.1	0	1	0	0	0	0
46.126731	0	2.079999924	0.1	0	1	0	0	0	0
46.136567	0	2.079999924	0.1	0	1	0	0	0	0
46.146665	0	2.079999924	0.1	0	1	0	0	0	0
46.156537	0	2.079999924	0.1	0	1	0	0	0	0
46.166634	0	2.079999924	0	0	1	0	0	0	0
46.176718	0	2.079999924	0	0	1	0	0	0	0
46.186751	0	2.079999924	0	0	1	0	0	0	0
46.196786	0	2.079999924	-0.4	0	1	0	0	0	0
46.206720	0	2.079999924	0	0	1	0	0	0	0
46.216682	0	2.079999924	-0.2	0	1	0	0	0	0
46.226736	0	2.079999924	-0.2	0	1	0	0	0	0
46.236579	0	2.079999924	0	0	1	0	0	0	0
46.246519	0	2.079999924	0	0	1	0	0	0	0
46.257078	0	2.079999924	0	0	1	0	0	0	0
46.266733	0	2.079999924	-0.2	0	1	0	0	0	0
46.276654	0	2.079999924	-0.2	0	1	0	0	0	0
46.286923	0	2.079999924	-0.2	0	1	0	0	0	0
46.296962	0	2.079999924	-0.4	0	1	0	0	0	0
46.306789	0	2.079999924	-0.4	0	1	0	0	0	0
46.316848	0	2.079999924	0	0	1	0	0	0	0
46.326704	0	2.079999924	-0.4	0.030555556	1	0	0	0	0
46.336540	0	2.079999924	-0.4	0.030555556	1	0	0	0	0
46.346743	0	2.079999924	-0.2	0.030555556	1	0	0	0	0
46.356723	0	2.079999924	-0.5	0.041666667	1	0	0	0	0
46.366676	0	2.079999924	-0.5	0.041666667	1	0	0	0	0
46.376564	0	2.079999924	-0.5	0.041666667	1	0	0	0	0
46.386578	0	2.079999924	-0.5	0.041666667	1	0	0	0	0
46.397121	0	2.079999924	-0.2	0.044444444	1	0	0	0	0
46.406774	0	2.079999924	-0.5	0.044444444	1	0	0	0	0
46.416705	0	2.079999924	-0.5	0.044444444	1	0	0	0	0
46.426923	0	2.079999924	0	0.055555556	1	0	0	0	0
46.437320	0	2.079999924	-0.4	0.055555556	1	0	0	0	0
46.446742	0	2.079999924	-0.4	0.055555556	1	0	0	0	0
46.457003	0	2.079999924	-0.2	0.058333333	1	0	0	0	0
46.466607	0	2.079999924	-0.4	0.061111111	1	0	0	0	0
46.476744	0	2.079999924	-0.4	0.061111111	1	0	0	0	0
46.486687	0	2.079999924	0	0.077777778	1	0	0	0	0
46.496669	0	2.079999924	0	0.077777778	1	0	0	0	0
46.506742	0	2.079999924	-0.4	0.077777778	1	0	0	0	0
46.516580	0	2.079999924	-0.4	0.072222222	1	0	0	0	0
46.526687	0	2.079999924	-0.4	0.072222222	1	0	0	0	0
46.536811	0	2.079999924	0	0.072222222	1	0	0	0	0
46.546578	0	2.079999924	0	0.072222222	1	0	0	0	0
46.556717	0	2.079999924	-0.2	0.102777778	1	0	0	0	0
46.566733	0	2.079999924	0	0.086111111	1	0	0	0	0
46.576730	0	2.079999924	0	0.086111111	1	0	0	0	0
46.586724	0	2.079999924	-0.4	0.086111111	1	0	0	0	0
46.597142	0	2.079999924	0	0.113888889	1	0	0	0	0
46.606759	0	2.079999924	0	0.113888889	1	0	0	0	0
46.616749	0	2.079999924	-0.2	0.102777778	1	0	0	0	0
46.626849	0	2.079999924	-0.2	0.111111111	1	0	0	0	0
46.636901	0	2.079999924	-0.2	0.111111111	1	0	0	0	0
46.646684	0	2.079999924	-0.2	0.125	1	0	0	0	0
46.656538	0	2.079999924	-0.2	0.125	1	0	0	0	0
46.666594	0	2.079999924	0	0.122222222	1	0	0	0	0
46.676759	0	2.079999924	-0.2	0.127777778	1	0	0	0	0
46.686668	0	2.079999924	-0.2	0.127777778	1	0	0	0	0
46.696565	0	2.079999924	-0.4	0.138888889	1	0	0	0	0
46.706759	0	2.079999924	-0.4	0.138888889	1	0	0	0	0
46.716735	0	2.079999924	-0.2	0.133333333	1	0	0	0	0
46.726818	0	2.079999924	-0.4	0.144444444	1	0	0	0	0
46.736595	0	2.079999924	-0.4	0.144444444	1	0	0	0	0
46.746804	0	2.079999924	0	0.138888889	1	0	0	0	0
46.756786	0	2.079999924	0.1	0.147222222	1	0	0	0	0
46.767036	0	2.079999924	0.1	0.147222222	1	0	0	0	0
46.776783	0	2.079999924	-0.2	0.188888889	1	0	0	0	0
46.786719	0	2.079999924	-0.2	0.188888889	1	0	0	0	0
46.796760	0	2.079999924	0	0.15	1	0	0	0	0
46.806755	0	2.079999924	0	0.188888889	1	0	0	0	0
46.816722	0	2.079999924	0	0.188888889	1	0	0	0	0
46.826876	0	2.079999924	0	0.163888889	1	0	0	0	0
46.836580	0	2.079999924	0	0.183333333	1	0	0	0	0
46.846756	0	2.079999924	0	0.183333333	1	0	0	0	0
46.857224	0	2.079999924	-0.2	0.186111111	1	0	0	0	0
46.867104	0	2.079999924	0.4	0.2	1	0	0	0	0
46.876711	0	2.079999924	0.4	0.2	1	0	0	0	0
46.886716	0	2.079999924	0	0.2	1	0	0	0	0
46.896711	0	2.079999924	0	0.2	1	0	0	0	0
46.907003	0	2.079999924	0.4	0.186111111	1	0	0	0	0
46.916740	0	2.079999924	0	0.194444444	1	0	0	0	0
46.926712	0	2.079999924	0	0.194444444	1	0	0	0	0
46.936853	0	2.079999924	0.4	0.191666667	1	0	0	0	0
46.947101	0	2.079999924	0.4	0.191666667	1	0	0	0	0
46.956725	0	2.079999924	0	0.2	1	0	0	0	0
46.966826	0	2.079999924	0.4	0.213888889	1	0	0	0	0
46.976702	0	2.079999924	0.4	0.213888889	1	0	0	0	0
46.986796	0	2.079999924	0.1	0.227777778	1	0	0	0	0
46.996655	0	2.079999924	0.1	0.227777778	1	0	0	0	0
47.007553	0	2.079999924	0.1	0.227777778	1	0	0	0	0
47.016779	0	2.079999924	0.4	0.247222222	1	0	0	0	0
47.026762	0	2.079999924	0.4	0.247222222	1	0	0	0	0
47.037179	0	2.079999924	0	0.227777778	1	0	0	0	0
47.046751	0	2.079999924	0.5	0.222222222	1	0	0	0	0
47.056638	0	2.079999924	0.5	0.222222222	1	0	0	0	0
47.066757	0	2.079999924	0.4	0.283333333	1	0	0	0	0
47.076774	0	2.079999924	0.7	0.277777778	1	0	0	0	0
47.086880	0	2.079999924	0.7	0.277777778	1	0	0	0	0
47.096615	0	2.079999924	0.7	0.258333333	1	0	0	0	0
47.106744	0	2.079999924	0.7	0.258333333	1	0	0	0	0
47.116706	0	2.079999924	0.7	0.263888889	1	0	0	0	0
47.126698	0	2.079999924	0.4	0.263888889	1	0	0	0	0
47.136668	0	2.079999924	0.7	0.263888889	1	0	0	0	0
47.146782	0	2.079999924	0.8	0.261111111	1	0	0	0	0
47.156719	0	2.079999924	0.8	0.258333333	1	0	0	0	0
47.166752	0	2.079999924	0.8	0.258333333	1	0	0	0	0
47.176734	0	2.079999924	0.5	0.25	1	0	0	0	0
47.186652	0	2.079999924	1.2	0.283333333	1	0	0	0	0
47.196702	0	2.079999924	1.2	0.283333333	1	0	0	0	0
47.206682	0	2.079999924	1.7	0.286111111	1	0	0	0	0
47.216599	0	2.079999924	1.7	0.286111111	1	0	0	0	0
47.226654	0	2.079999924	1.7	0.286111111	1	0	0	0	0
47.236583	0	2.079999924	1.7	0.294444444	1	0	0	0	0
47.246733	0	2.079999924	1.7	0.294444444	1	0	0	0	0
47.256832	0	2.079999924	1.6	0.283333333	1	0	0	0	0
47.266697	0	2.079999924	1.6	0.283333333	1	0	0	0	0
47.276697	0	2.079999924	1.9	0.302777778	1	0	0	0	0
47.286761	0	2.079999924	1.6	0.311111111	1	0	0	0	0
47.296716	0	2.079999924	1.6	0.311111111	1	0	0	0	0
47.306759	0	2.079999924	1.9	0.308333333	1	0	0	0	0
47.316638	0	2.079999924	1.9	0.319444444	1	0	0	0	0
47.326736	0	2.079999924	1.9	0.319444444	1	0	0	0	0
47.336612	0	2.079999924	2.4	0.305555556	1	0	0	0	0
47.346595	0	2.079999924	2.4	0.305555556	1	0	0	0	0
47.356973	0	2.079999924	3.1	0.327777778	1	0	0	0	0
47.366794	0	2.079999924	2.7	0.294444444	1	0	0	0	0
47.376861	0	2.079999924	2.7	0.294444444	1	0	0	0	0
47.386766	0	2.079999924	3.1	0.336111111	1	0	0	0	0
47.396668	0	2.079999924	2.7	0.330555556	1	0	0	0	0
47.406758	0	2.079999924	2.7	0.330555556	1	0	0	0	0
47.416617	0	2.079999924	3.2	0.333333333	1	0	0	0	0
47.426560	0	2.079999924	3.2	0.333333333	1	0	0	0	0
47.436570	0	2.079999924	3.2	0.322222222	1	0	0	0	0
47.446551	0	2.079999924	3.9	0.344444444	1	0	0	0	0
47.456707	0	2.079999924	3.9	0.344444444	1	0	0	0	0
47.466718	0	2.079999924	4	0.308333333	1	0	0	0	0
47.476685	0	2.079999924	3.9	0.344444444	1	0	0	0	0
47.486750	0	2.079999924	3.9	0.344444444	1	0	0	0	0
47.496768	0	2.079999924	4.3	0.35	1	0	0	0	0
47.506713	0	2.079999924	4.3	0.35	1	0	0	0	0
47.516791	0	2.079999924	3.9	0.352777778	1	0	0	0	0
47.526698	0	2.079999924	4.4	0.355555556	1	0	0	0	0
47.536534	0	2.079999924	4.4	0.355555556	1	0	0	0	0
47.546723	0	2.079999924	4.4	0.355555556	1	0	0	0	0
47.556726	0	2.079999924	4.6	0.369444444	1	0	0	0	0
47.566844	0	2.079999924	4.6	0.369444444	1	0	0	0	0
47.576552	0	2.079999924	5.6	0.377777778	1	0	0	0	0
47.586684	0	2.079999924	5.6	0.377777778	1	0	0	0	0
47.596588	0	2.079999924	5.6	0.377777778	1	0	0	0	0
47.606591	0	2.079999924	6	0.397222222	1	0	0	0	0
47.616686	0	2.079999924	6	0.397222222	1	0	0	0	0
47.627078	0	2.079999924	6	0.375	1	0	0	0	0
47.636670	0	2.079999924	5.6	0.402777778	1	0	0	0	0
47.646794	0	2.079999924	5.6	0.402777778	1	0	0	0	0
47.656640	0	2.079999924	6.1	0.4	1	0	0	0	0
47.666712	0	2.079999924	6.1	0.4	1	0	0	0	0
47.676666	0	2.079999924	5.8	0.408333333	1	0	0	0	0
47.686727	0	2.079999924	6	0.375	1	0	0	0	0
47.696730	0	2.079999924	6	0.375	1	0	0	0	0
47.706777	0	2.079999924	6	0.425	1	0	0	0	0
47.716644	0	2.079999924	6	0.430555556	1	0	0	0	0
47.726717	0	2.079999924	6	0.430555556	1	0	0	0	0
47.736585	0	2.079999924	6.4	0.430555556	1	0	0	0	0
47.746719	0	2.079999924	6.4	0.430555556	1	0	0	0	0
47.756600	0	2.079999924	6.3	0.427777778	1	0	0	0	0
47.766701	0	2.079999924	6.1	0.416666667	1	0	0	0	0
47.776562	0	2.079999924	6.1	0.416666667	1	0	0	0	0
47.786465	0	2.079999924	6.3	0.441666667	1	0	0	0	0
47.796518	0	2.079999924	6.1	0.438888889	1	0	0	0	0
47.806792	0	2.079999924	6.1	0.438888889	1	0	0	0	0
47.816715	0	2.079999924	6.4	0.441666667	1	0	0	0	0
47.826598	0	2.079999924	6.4	0.441666667	1	0	0	0	0
47.836589	0	2.079999924	6.1	0.45	1	0	0	0	0
47.846709	0	2.079999924	6.3	0.469444444	1	0	0	0	0
47.856808	0	2.079999924	6.3	0.469444444	1	0	0	0	0
47.866562	0	2.079999924	7	0.463888889	1	0	0	0	0
47.876552	0	2.079999924	7	0.480555556	1	0	0	0	0
47.886565	0	2.079999924	7	0.480555556	1	0	0	0	0
47.896734	0	2.079999924	7	0.466666667	1	0	0	0	0
47.906798	0	2.079999924	7	0.466666667	1	0	0	0	0
47.916783	0	2.079999924	7.4	0.475	1	0	0	0	0
47.926743	0	2.079999924	7.2	0.483333333	1	0	0	0	0
47.936683	0	2.079999924	7.2	0.483333333	1	0	0	0	0
47.946863	0	2.079999924	7.4	0.472222222	1	0	0	0	0
47.956647	0	2.079999924	7.2	0.480555556	1	0	0	0	0
47.966611	0	2.079999924	7.2	0.480555556	1	0	0	0	0
47.976625	0	2.079999924	7.4	0.497222222	1	0	0	0	0
47.986686	0	2.079999924	7.4	0.497222222	1	0	0	0	0
47.996680	0	2.079999924	7.9	0.491666667	1	0	0	0	0
48.006608	0	2.079999924	7.9	0.494444444	1	0	0	0	0
48.016716	0	2.079999924	7.9	0.494444444	1	0	0	0	0
48.026760	0	2.079999924	7.6	0.516666667	1	0	0	0	0
48.036520	0	2.079999924	7.6	0.516666667	1	0	0	0	0
48.046749	0	2.079999924	8	0.508333333	1	0	0	0	0
48.056568	0	2.079999924	7.9	0.5	1	0	0	0	0
48.066708	0	2.079999924	7.9	0.5	1	0	0	0	0
48.076754	0	2.079999924	8.4	0.522222222	1	0	0	0	0
48.086789	0	2.079999924	8.8	0.525	1	0	0	0	0
48.096701	0	2.079999924	8.8	0.525	1	0	0	0	0
48.106813	0	2.079999924	8.7	0.530555556	1	0	0	0	0
48.116574	0	2.079999924	8.7	0.530555556	1	0	0	0	0
48.126770	0	2.079999924	9.1	0.519444444	1	0	0	0	0
48.136526	0	2.079999924	8.8	0.541666667	1	0	0	0	0
48.146532	0	2.079999924	8.8	0.541666667	1	0	0	0	0
48.156758	0	2.079999924	9.1	0.536111111	1	0	0	0	0
48.166790	0	2.079999924	9.2	0.525	1	0	0	0	0
48.176584	0	2.079999924	9.2	0.525	1	0	0	0	0
48.186607	0	2.079999924	8.7	0.552777778	1	0	0	0	0
48.196710	0	2.079999924	8.7	0.552777778	1	0	0	0	0
48.206784	0	2.079999924	9.1	0.558333333	1	0	0	0	0
48.216698	0	2.079999924	9.2	0.538888889	1	0	0	0	0
48.226728	0	2.079999924	9.2	0.538888889	1	0	0	0	0
48.236765	0	2.079999924	9.2	0.544444444	1	0	0	0	0
48.246618	0	2.079999924	9.2	0.552777778	1	0	0	0	0
48.256708	0	2.079999924	9.2	0.552777778	1	0	0	0	0
48.266564	0	2.079999924	8.7	0.552777778	1	0	0	0	0
48.276710	0	2.079999924	8.7	0.552777778	1	0	0	0	0
48.286730	0	2.079999924	9.1	0.541666667	1	0	0	0	0
48.296766	0	2.079999924	9.2	0.566666667	1	0	0	0	0
48.306660	0	2.079999924	9.2	0.566666667	1	0	0	0	0
48.316576	0	2.079999924	8.7	0.544444444	1	0	0	0	0
48.326504	0	2.079999924	9.1	0.569444444	1	0	0	0	0
48.336644	0	2.079999924	9.1	0.569444444	1	0	0	0	0
48.346975	0	2.079999924	9.2	0.566666667	1	0	0	0	0
48.356743	0	2.079999924	9.2	0.566666667	1	0	0	0	0
48.366755	0	2.079999924	9.2	0.561111111	1	0	0	0	0
48.376805	0	2.079999924	9.1	0.561111111	1	0	0	0	0
48.386780	0	2.079999924	9.1	0.561111111	1	0	0	0	0
48.396811	0	2.079999924	8.8	0.566666667	1	0	0	0	0
48.406965	0	2.079999924	9.2	0.575	1	0	0	0	0
48.416832	0	2.079999924	9.2	0.575	1	0	0	0	0
48.426830	0	2.079999924	9.2	0.552777778	1	0	0	0	0
48.436722	0	2.079999924	9.2	0.552777778	1	0	0	0	0
48.446731	0	2.079999924	9.6	0.583333333	1	0	0	0	0
48.456742	0	2.079999924	9.8	0.586111111	1	0	0	0	0
48.466670	0	2.079999924	9.8	0.586111111	1	0	0	0	0
48.476799	0	2.079999924	9.4	0.563888889	1	0	0	0	0
48.486850	0	2.079999924	9.8	0.594444444	1	0	0	0	0
48.496793	0	2.079999924	9.8	0.594444444	1	0	0	0	0
48.506599	0	2.079999924	9.9	0.594444444	1	0	0	0	0
48.516706	0	2.079999924	9.9	0.594444444	1	0	0	0	0
48.526674	0	2.079999924	9.8	0.569444444	1	0	0	0	0
48.536529	0	2.079999924	10	0.6	1	0	0	0	0
48.546756	0	2.079999924	10	0.6	1	0	0	0	0
48.556768	0	2.079999924	10	0.594444444	1	0	0	0	0
48.566640	0	2.079999924	10.4	0.575	1	0	0	0	0
48.576684	0	2.079999924	10.4	0.575	1	0	0	0	0
48.586684	0	2.079999924	10.3	0.588888889	1	0	0	0	0
48.596745	0	2.079999924	10.3	0.588888889	1	0	0	0	0
48.606777	0	2.079999924	10.4	0.605555556	1	0	0	0	0
48.616742	0	2.079999924	10.4	0.616666667	1	0	0	0	0
48.626799	0	2.079999924	10.4	0.616666667	1	0	0	0	0
48.636522	0	2.079999924	10	0.597222222	1	0	0	0	0
48.646578	0	2.079999924	10.4	0.611111111	1	0	0	0	0
48.656639	0	2.079999924	10.4	0.611111111	1	0	0	0	0
48.666525	0	2.079999924	10.3	0.597222222	1	0	0	0	0
48.676514	0	2.079999924	10.3	0.597222222	1	0	0	0	0
48.686557	0	2.079999924	10.6	0.602777778	1	0	0	0	0
48.696544	0	2.079999924	10.4	0.619444444	1	0	0	0	0
48.706765	0	2.079999924	10.4	0.619444444	1	0	0	0	0
48.716568	0	2.079999924	10	0.602777778	1	0	0	0	0
48.726804	0	2.079999924	10.4	0.605555556	1	0	0	0	0
48.736573	0	2.079999924	10.4	0.605555556	1	0	0	0	0
48.746703	0	2.079999924	10.3	0.625	1	0	0	0	0
48.756676	0	2.079999924	10.3	0.625	1	0	0	0	0
48.766767	0	2.079999924	10.6	0.6	1	0	0	0	0
48.776770	0	2.079999924	10.4	0.619444444	1	0	0	0	0
48.786632	0	2.079999924	10.4	0.619444444	1	0	0	0	0
48.796755	0	2.079999924	10.3	0.641666667	1	0	0	0	0
48.806653	0	2.079999924	10.3	0.641666667	1	0	0	0	0
48.816633	0	2.079999924	10.6	0.633333333	1	0	0	0	0
48.826748	0	2.079999924	10.4	0.638888889	1	0	0	0	0
48.836731	0	2.079999924	10.4	0.638888889	1	0	0	0	0
48.847102	0	2.079999924	10.4	0.647222222	1	0	0	0	0
48.856912	0	2.079999924	10.4	0.622222222	1	0	0	0	0
48.866632	0	2.079999924	10.4	0.622222222	1	0	0	0	0
48.876748	0	2.079999924	10.3	0.655555556	1	0	0	0	0
48.886666	0	2.079999924	10.3	0.655555556	1	0	0	0	0
48.896626	0	2.079999924	10.4	0.638888889	1	0	0	0	0
48.906789	0	2.079999924	10.4	0.636111111	1	0	0	0	0
48.916747	0	2.079999924	10.4	0.636111111	1	0	0	0	0
48.926916	0	2.079999924	10.6	0.658333333	1	0	0	0	0
48.936744	0	2.079999924	10.6	0.638888889	1	0	0	0	0
48.946822	0	2.079999924	10.6	0.638888889	1	0	0	0	0
48.956772	0	2.079999924	10.3	0.658333333	1	0	0	0	0
48.966651	0	2.079999924	10.3	0.658333333	1	0	0	0	0
48.976692	0	2.079999924	10.4	0.675	1	0	0	0	0
48.986802	0	2.079999924	10.4	0.652777778	1	0	0	0	0
48.996734	0	2.079999924	10.4	0.652777778	1	0	0	0	0
49.007047	0	2.079999924	10.3	0.686111111	1	0	0	0	0
49.016769	0	2.079999924	10.3	0.669444444	1	0	0	0	0
49.026663	0	2.079999924	10.3	0.669444444	1	0	0	0	0
49.036520	0	2.079999924	9.9	0.677777778	1	0	0	0	0
49.046587	0	2.079999924	9.9	0.677777778	1	0	0	0	0
49.056798	0	2.079999924	10.3	0.694444444	1	0	0	0	0
49.066752	0	2.079999924	10	0.7	1	0	0	0	0
49.076671	0	2.079999924	10	0.7	1	0	0	0	0
49.086763	0	2.079999924	9.4	0.705555556	1	0	0	0	0
49.096787	0	2.079999924	9.6	0.711111111	1	0	0	0	0
49.106794	0	2.079999924	9.6	0.711111111	1	0	0	0	0
49.116752	0	2.079999924	9.4	0.719444444	1	0	0	0	0
49.126728	0	2.079999924	9.4	0.719444444	1	0	0	0	0
49.136552	0	2.079999924	9.6	0.719444444	1	0	0	0	0
49.146742	0	2.079999924	9.6	0.697222222	1	0	0	0	0
49.156721	0	2.079999924	9.6	0.697222222	1	0	0	0	0
49.166752	0	2.079999924	9.1	0.730555556	1	0	0	0	0
49.176709	0	2.079999924	9.4	0.733333333	1	0	0	0	0
49.186830	0	2.079999924	9.4	0.733333333	1	0	0	0	0
49.196734	0	2.079999924	9.1	0.741666667	1	0	0	0	0
49.206773	0	2.079999924	9.1	0.741666667	1	0	0	0	0
49.216759	0	2.079999924	9.1	0.741666667	1	0	0	0	0
49.226542	0	2.079999924	9.1	0.75	1	0	0	0	0
49.236551	0	2.079999924	9.1	0.75	1	0	0	0	0
49.246533	0	2.079999924	8.8	0.752777778	1	0	0	0	0
49.256712	0	2.079999924	9.1	0.752777778	1	0	0	0	0
49.266820	0	2.079999924	9.1	0.752777778	1	0	0	0	0
49.276766	0	2.079999924	9.1	0.738888889	1	0	0	0	0
49.286728	0	2.079999924	9.1	0.738888889	1	0	0	0	0
49.296726	0	2.079999924	9.1	0.777777778	1	0	0	0	0
49.306743	0	2.079999924	9.2	0.752777778	1	0	0	0	0
49.316807	0	2.079999924	9.2	0.752777778	1	0	0	0	0
49.326763	0	2.079999924	8.7	0.780555556	1	0	0	0	0
49.336553	0	2.079999924	8.8	0.783333333	1	0	0	0	0
49.346704	0	2.079999924	8.8	0.783333333	1	0	0	0	0
49.356773	0	2.079999924	8.6	0.783333333	1	0	0	0	0
49.366930	0	2.079999924	8.6	0.783333333	1	0	0	0	0
49.376734	0	2.079999924	8.6	0.797222222	1	0	0	0	0
49.386584	0	2.079999924	8.6	0.769444444	1	0	0	0	0
49.396721	0	2.079999924	8.6	0.769444444	1	0	0	0	0
49.406579	0	2.079999924	8.4	0.797222222	1	0	0	0	0
49.416565	0	2.079999924	8.6	0.805555556	1	0	0	0	0
49.426735	0	2.079999924	8.6	0.805555556	1	0	0	0	0
49.436502	0	2.079999924	8.4	0.822222222	1	0	0	0	0
49.446773	0	2.079999924	8.4	0.822222222	1	0	0	0	0
49.456859	0	2.079999924	8.2	0.794444444	1	0	0	0	0
49.466848	0	2.079999924	8.2	0.825	1	0	0	0	0
49.476750	0	2.079999924	8.2	0.825	1	0	0	0	0
49.486963	0	2.079999924	7.9	0.830555556	1	0	0	0	0
49.496692	0	2.079999924	8.2	0.830555556	1	0	0	0	0
49.506810	0	2.079999924	8.2	0.830555556	1	0	0	0	0
49.516744	0	2.079999924	8	0.816666667	1	0	0	0	0
49.526685	0	2.079999924	8	0.816666667	1	0	0	0	0
49.536685	0	2.079999924	8	0.85	1	0	0	0	0
49.546706	0	2.079999924	7.5	0.858333333	1	0	0	0	0
49.556788	0	2.079999924	7.5	0.858333333	1	0	0	0	0
49.566713	0	2.079999924	7.4	0.863888889	1	0	0	0	0
49.576689	0	2.079999924	7.4	0.863888889	1	0	0	0	0
49.586621	0	2.079999924	7.2	0.869444444	1	0	0	0	0
49.596593	0	2.079999924	7.2	0.838888889	1	0	0	0	0
49.606947	0	2.079999924	7.2	0.838888889	1	0	0	0	0
49.616805	0	2.079999924	7.2	0.880555556	1	0	0	0	0
49.626909	0	2.079999924	7.4	0.877777778	1	0	0	0	0
49.636550	0	2.079999924	7.4	0.877777778	1	0	0	0	0
49.646666	0	2.079999924	6.7	0.894444444	1	0	0	0	0
49.656988	0	2.079999924	6.7	0.894444444	1	0	0	0	0
49.666815	0	2.079999924	6.7	0.858333333	1	0	0	0	0
49.676570	0	2.079999924	6.4	0.902777778	1	0	0	0	0
49.686739	0	2.079999924	6.4	0.902777778	1	0	0	0	0
49.696728	0	2.079999924	6.1	0.886111111	1	0	0	0	0
49.706604	0	2.079999924	6.4	0.916666667	1	0	0	0	0
49.716652	0	2.079999924	6.4	0.916666667	1	0	0	0	0
49.726753	0	2.079999924	6.1	0.886111111	1	0	0	0	0
49.736593	0	2.079999924	6.1	0.886111111	1	0	0	0	0
49.746735	0	2.079999924	6.4	0.925	1	0	0	0	0
49.756764	0	2.079999924	6.3	0.905555556	1	0	0	0	0
49.766559	0	2.079999924	6.3	0.905555556	1	0	0	0	0
49.776551	0	2.079999924	6	0.930555556	1	0	0	0	0
49.786925	0	2.079999924	6	0.916666667	1	0	0	0	0
49.796686	0	2.079999924	6	0.916666667	1	0	0	0	0
49.806739	0	2.079999924	6.1	0.930555556	1	0	0	0	0
49.816953	0	2.079999924	6.1	0.930555556	1	0	0	0	0
49.826888	0	2.079999924	6	0.913888889	1	0	0	0	0
49.836582	0	2.079999924	6	0.925	1	0	0	0	0
49.846751	0	2.079999924	6	0.925	1	0	0	0	0
49.856983	0	2.079999924	5.8	0.922222222	1	0	0	0	0
49.866602	0	2.079999924	5.8	0.936111111	1	0	0	0	0
49.876763	0	2.079999924	5.8	0.936111111	1	0	0	0	0
49.886769	0	2.079999924	5.6	0.941666667	1	0	0	0	0
49.896626	0	2.079999924	5.6	0.941666667	1	0	0	0	0
49.906674	0	2.079999924	5.6	0.958333333	1	0	0	0	0
49.916747	0	2.079999924	5.6	0.944444444	1	0	0	0	0
49.926784	0	2.079999924	5.6	0.944444444	1	0	0	0	0
49.936497	0	2.079999924	5.5	0.941666667	1	0	0	0	0
49.946524	0	2.079999924	5.5	0.941666667	1	0	0	0	0
49.956614	0	2.079999924	5.5	0.941666667	1	0	0	0	0
49.966590	0	2.079999924	5.1	0.95	1	0	0	0	0
49.976673	0	2.079999924	5.1	0.95	1	0	0	0	0
49.986725	0	2.079999924	4.9	0.958333333	1	0	0	0	0
49.996699	0	2.079999924	4.6	0.975	1	0	0	0	0
50.006691	0	2.079999924	4.6	0.975	1	0	0	0	0
50.016714	0	2.079999924	4.8	0.980555556	1	0	0	0	0
50.026699	0	2.079999924	4.8	0.963888889	1	0	0	0	0
50.036561	0	2.079999924	4.8	0.963888889	1	0	0	0	0
50.046792	0	2.079999924	4.8	0.991666667	1	0	0	0	0
50.056762	0	2.079999924	4.8	0.991666667	1	0	0	0	0
50.066778	0	2.079999924	4.6	0.975	1	0	0	0	0
50.076741	0	2.079999924	4.3	1.002777778	1	0	0	0	0
50.086645	0	2.079999924	4.3	1.002777778	1	0	0	0	0
50.096650	0	2.079999924	3.9	1.008333333	1	0	0	0	0
50.106699	0	2.079999924	3.7	0.991666667	1	0	0	0	0
50.116753	0	2.079999924	3.7	0.991666667	1	0	0	0	0
50.126632	0	2.079999924	3.7	1.008333333	1	0	0	0	0
50.136575	0	2.079999924	3.7	1.008333333	1	0	0	0	0
50.146942	0	2.079999924	3.7	1.011111111	1	0	0	0	0
50.156965	0	2.079999924	3.7	1.002777778	1	0	0	0	0
50.166826	0	2.079999924	3.7	1.002777778	1	0	0	0	0
50.176716	0	2.079999924	3.6	1.002777778	1	0	0	0	0
50.186790	0	2.079999924	3.4	1.030555556	1	0	0	0	0
50.196569	0	2.079999924	3.4	1.030555556	1	0	0	0	0
50.206799	0	2.079999924	2.8	1.027777778	1	0	0	0	0
50.216730	0	2.079999924	2.8	1.027777778	1	0	0	0	0
50.226672	0	2.079999924	2.5	1.038888889	1	0	0	0	0
50.236760	0	2.079999924	2.8	1.011111111	1	0	0	0	0
50.246740	0	2.079999924	2.8	1.011111111	1	0	0	0	0
50.256784	0	2.079999924	3.1	1.022222222	1	0	0	0	0
50.266640	0	2.079999924	2.8	1.033333333	1	0	0	0	0
50.276721	0	2.079999924	2.8	1.033333333	1	0	0	0	0
50.286823	0	2.079999924	2.5	1.033333333	1	0	0	0	0
50.296703	0	2.079999924	2.5	1.033333333	1	0	0	0	0
50.306573	0	2.079999924	2.2	1.044444444	1	0	0	0	0
50.316508	0	2.079999924	2.2	1.044444444	1	0	0	0	0
50.326648	0	2.079999924	2.2	1.044444444	1	0	0	0	0
50.336743	0	2.079999924	2.2	1.047222222	1	0	0	0	0
50.346739	0	2.079999924	2.2	1.047222222	1	0	0	0	0
50.356728	0	2.079999924	2.2	1.05	1	0	0	0	0
50.366801	0	2.079999924	2	1.066666667	1	0	0	0	0
50.376595	0	2.079999924	2	1.066666667	1	0	0	0	0
50.386807	0	2.079999924	1.7	1.094444444	1	0	0	0	0
50.396768	0	2.079999924	2	1.069444444	1	0	0	0	0
50.406642	0	2.079999924	2	1.069444444	1	0	0	0	0
50.416684	0	2.079999924	1.7	1.069444444	1	0	0	0	0
50.426698	0	2.079999924	1.7	1.069444444	1	0	0	0	0
50.436752	0	2.079999924	1	1.088888889	1	0	0	0	0
50.446763	0	2.079999924	1.2	1.077777778	1	0	0	0	0
50.456706	0	2.079999924	1.2	1.077777778	1	0	0	0	0
50.466788	0	2.079999924	0.8	1.105555556	1	0	0	0	0
50.476736	0	2.079999924	0.8	1.088888889	1	0	0	0	0
50.486713	0	2.079999924	0.8	1.088888889	1	0	0	0	0
50.496570	0	2.079999924	1.2	1.1	1	0	0	0	0
50.506716	0	2.079999924	1.2	1.1	1	0	0	0	0
50.516755	0	2.079999924	0.8	1.1	1	0	0	0	0
50.526691	0	2.079999924	0.7	1.111111111	1	0	0	0	0
50.536549	0	2.079999924	0.7	1.111111111	1	0	0	0	0
50.546600	0	2.079999924	0.1	1.116666667	1	0	0	0	0
50.556798	0	2.079999924	0.4	1.122222222	1	0	0	0	0
50.566638	0	2.079999924	0.4	1.122222222	1	0	0	0	0
50.576867	0	2.079999924	0.4	1.108333333	1	0	0	0	0
50.586796	0	2.079999924	0.4	1.108333333	1	0	0	0	0
50.596625	0	2.079999924	0.4	1.133333333	1	0	0	0	0
50.606682	0	2.079999924	0.4	1.105555556	1	0	0	0	0
50.616740	0	2.079999924	0.4	1.105555556	1	0	0	0	0
50.626567	0	2.079999924	-0.4	1.136111111	1	0	0	0	0
50.636643	0	2.079999924	-0.4	1.136111111	1	0	0	0	0
50.646724	0	2.079999924	-0.4	1.136111111	1	0	0	0	0
50.656721	0	2.079999924	-0.4	1.130555556	1	0	0	0	0
50.666683	0	2.079999924	-0.4	1.130555556	1	0	0	0	0
50.676584	0	2.079999924	-0.7	1.152777778	1	0	0	0	0
50.686568	0	2.079999924	-0.5	1.125	1	0	0	0	0
50.696730	0	2.079999924	-0.5	1.125	1	0	0	0	0
50.706818	0	2.079999924	-0.7	1.147222222	1	0	0	0	0
50.716694	0	2.079999924	-0.5	1.177777778	1	0	0	0	0
50.726681	0	2.079999924	-0.5	1.177777778	1	0	0	0	0
50.736539	0	2.079999924	-0.8	1.169444444	1	0	0	0	0
50.746748	0	2.079999924	-0.8	1.169444444	1	0	0	0	0
50.756577	0	2.079999924	-1.1	1.163888889	1	0	0	0	0
50.766801	0	2.079999924	-1.6	1.172222222	1	0	0	0	0
50.776794	0	2.079999924	-1.6	1.172222222	1	0	0	0	0
50.786835	0	2.079999924	-2.3	1.169444444	1	0	0	0	0
50.796727	0	2.079999924	-2	1.180555556	1	0	0	0	0
50.806732	0	2.079999924	-2	1.180555556	1	0	0	0	0
50.816774	0	2.079999924	-2.4	1.208333333	1	0	0	0	0
50.826903	0	2.079999924	-2.4	1.208333333	1	0	0	0	0
50.836706	0	2.079999924	-2.8	1.2	1	0	0	0	0
50.846715	0	2.079999924	-2.6	1.208333333	1	0	0	0	0
50.856630	0	2.079999924	-2.6	1.208333333	1	0	0	0	0
50.866534	0	2.079999924	-3	1.213888889	1	0	0	0	0
50.876669	0	2.079999924	-2.4	1.194444444	1	0	0	0	0
50.886790	0	2.079999924	-2.4	1.194444444	1	0	0	0	0
50.896987	0	2.079999924	-3.2	1.205555556	1	0	0	0	0
50.906956	0	2.079999924	-3.2	1.205555556	1	0	0	0	0
50.916730	0	2.079999924	-3.5	1.205555556	1	0	0	0	0
50.926750	0	2.079999924	-3.6	1.213888889	1	0	0	0	0
50.936777	0	2.079999924	-3.6	1.213888889	1	0	0	0	0
50.946759	0	2.079999924	-3.8	1.216666667	1	0	0	0	0
50.956734	0	2.079999924	-3.5	1.225	1	0	0	0	0
50.966737	0	2.079999924	-3.5	1.225	1	0	0	0	0
50.976728	0	2.079999924	-3.8	1.219444444	1	0	0	0	0
50.986816	0	2.079999924	-3.8	1.219444444	1	0	0	0	0
50.996767	0	2.079999924	-3.5	1.244444444	1	0	0	0	0
51.006805	0	2.079999924	-3.6	1.275	1	0	0	0	0
51.016595	0	2.079999924	-3.6	1.275	1	0	0	0	0
51.026584	0	2.079999924	-3.8	1.258333333	1	0	0	0	0
51.036560	0	2.079999924	-3.6	1.25	1	0	0	0	0
51.046737	0	2.079999924	-3.6	1.25	1	0	0	0	0
51.056697	0	2.079999924	-4	1.291666667	1	0	0	0	0
51.066759	0	2.079999924	-4	1.291666667	1	0	0	0	0
51.076727	0	2.079999924	-3.6	1.280555556	1	0	0	0	0
51.086800	0	2.079999924	-3.8	1.258333333	1	0	0	0	0
51.096743	0	2.079999924	-3.8	1.258333333	1	0	0	0	0
51.106706	0	2.079999924	-4.3	1.280555556	1	0	0	0	0
51.116627	0	2.079999924	-4.3	1.280555556	1	0	0	0	0
51.126600	0	2.079999924	-4	1.297222222	1	0	0	0	0
51.136589	0	2.079999924	-4.7	1.261111111	1	0	0	0	0
51.146688	0	2.079999924	-4.7	1.261111111	1	0	0	0	0
51.156666	0	2.079999924	-4.3	1.280555556	1	0	0	0	0
51.166728	0	2.079999924	-4.7	1.311111111	1	0	0	0	0
51.176704	0	2.079999924	-4.7	1.311111111	1	0	0	0	0
51.186773	0	2.079999924	-4.7	1.316666667	1	0	0	0	0
51.196758	0	2.079999924	-4.7	1.316666667	1	0	0	0	0
51.206814	0	2.079999924	-4.7	1.286111111	1	0	0	0	0
51.216541	0	2.079999924	-5.2	1.275	1	0	0	0	0
51.226532	0	2.079999924	-5.2	1.275	1	0	0	0	0
51.236568	0	2.079999924	-5	1.258333333	1	0	0	0	0
51.246597	0	2.079999924	-5.4	1.280555556	1	0	0	0	0
51.256811	0	2.079999924	-5.4	1.280555556	1	0	0	0	0
51.266693	0	2.079999924	-5.4	1.305555556	1	0	0	0	0
51.276771	0	2.079999924	-5.4	1.305555556	1	0	0	0	0
51.286819	0	2.079999924	-5.4	1.333333333	1	0	0	0	0
51.296727	0	2.079999924	-5.5	1.313888889	1	0	0	0	0
51.306799	0	2.079999924	-5.5	1.313888889	1	0	0	0	0
51.316775	0	2.079999924	-5.4	1.336111111	1	0	0	0	0
51.326810	0	2.079999924	-5.9	1.325	1	0	0	0	0
51.336576	0	2.079999924	-5.9	1.325	1	0	0	0	0
51.346704	0	2.079999924	-6.2	1.355555556	1	0	0	0	0
51.356734	0	2.079999924	-6.2	1.355555556	1	0	0	0	0
51.366724	0	2.079999924	-6.4	1.341666667	1	0	0	0	0
51.376823	0	2.079999924	-6.6	1.319444444	1	0	0	0	0
51.386810	0	2.079999924	-6.6	1.319444444	1	0	0	0	0
51.396575	0	2.079999924	-6.2	1.338888889	1	0	0	0	0
51.406533	0	2.079999924	-6.6	1.366666667	1	0	0	0	0
51.416736	0	2.079999924	-6.6	1.366666667	1	0	0	0	0
51.426742	0	2.079999924	-6.2	1.386111111	1	0	0	0	0
51.436759	0	2.079999924	-6.2	1.386111111	1	0	0	0	0
51.446668	0	2.079999924	-6.9	1.388888889	1	0	0	0	0
51.456748	0	2.079999924	-7.1	1.355555556	1	0	0	0	0
51.466575	0	2.079999924	-7.1	1.355555556	1	0	0	0	0
51.476740	0	2.079999924	-7.4	1.411111111	1	0	0	0	0
51.486948	0	2.079999924	-7.8	1.436111111	1	0	0	0	0
51.496747	0	2.079999924	-7.8	1.436111111	1	0	0	0	0
51.506819	0	2.079999924	-7.1	1.441666667	1	0	0	0	0
51.517036	0	2.079999924	-7.1	1.441666667	1	0	0	0	0
51.527010	0	2.079999924	-7.4	1.408333333	1	0	0	0	0
51.536688	0	2.079999924	-7.5	1.391666667	1	0	0	0	0
51.546757	0	2.079999924	-7.5	1.391666667	1	0	0	0	0
51.556690	0	2.079999924	-8.1	1.369444444	1	0	0	0	0
51.566669	0	2.079999924	-8.1	1.380555556	1	0	0	0	0
51.576538	0	2.079999924	-8.1	1.380555556	1	0	0	0	0
51.586499	0	2.079999924	-8.1	1.413888889	1	0	0	0	0
51.596722	0	2.079999924	-8.1	1.413888889	1	0	0	0	0
51.606603	0	2.079999924	-8.3	1.402777778	1	0	0	0	0
51.616761	0	2.079999924	-8.1	1.416666667	1	0	0	0	0
51.626703	0	2.079999924	-8.1	1.416666667	1	0	0	0	0
51.636589	0	2.079999924	-8.4	1.380555556	1	0	0	0	0
51.646629	0	2.079999924	-8.1	1.377777778	1	0	0	0	0
51.656692	0	2.079999924	-8.1	1.377777778	1	0	0	0	0
51.666572	0	2.079999924	-8.1	1.372222222	1	0	0	0	0
51.676749	0	2.079999924	-8.1	1.372222222	1	0	0	0	0
51.686790	0	2.079999924	-8.1	1.397222222	1	0	0	0	0
51.696666	0	2.079999924	-8.3	1.386111111	1	0	0	0	0
51.706692	0	2.079999924	-8.3	1.386111111	1	0	0	0	0
51.716760	0	2.079999924	-8.4	1.352777778	1	0	0	0	0
51.726703	0	2.079999924	-8.3	1.361111111	1	0	0	0	0
51.736589	0	2.079999924	-8.3	1.361111111	1	0	0	0	0
51.746806	0	2.079999924	-8.4	1.347222222	1	0	0	0	0
51.756598	0	2.079999924	-8.4	1.347222222	1	0	0	0	0
51.766669	0	2.079999924	-8.4	1.338888889	1	0	0	0	0
51.776562	0	2.079999924	-8.6	1.333333333	1	0	0	0	0
51.786697	0	2.079999924	-8.6	1.333333333	1	0	0	0	0
51.796786	0	2.079999924	-8.6	1.319444444	1	0	0	0	0
51.806700	0	2.079999924	-8.4	1.327777778	1	0	0	0	0
51.816669	0	2.079999924	-8.4	1.327777778	1	0	0	0	0
51.826875	0	2.079999924	-8.7	1.316666667	1	0	0	0	0
51.836529	0	2.079999924	-8.7	1.316666667	1	0	0	0	0
51.846550	0	2.079999924	-8.6	1.3	1	0	0	0	0
51.856629	0	2.079999924	-9.1	1.280555556	1	0	0	0	0
51.866553	0	2.079999924	-9.1	1.280555556	1	0	0	0	0
51.876770	0	2.079999924	-9.3	1.258333333	1	0	0	0	0
51.886718	0	2.079999924	-9.6	1.275	1	0	0	0	0
51.896680	0	2.079999924	-9.5	1.266666667	1	0	0	0	0
51.906837	0	2.079999924	-9.6	1.305555556	1	0	0	0	0
51.916763	0	2.079999924	-9.6	1.305555556	1	0	0	0	0
51.926833	0	2.079999924	-9.3	1.363888889	1	0	0	0	0
51.936534	0	2.079999924	-9.6	1.380555556	1	0	0	0	0
51.946507	0	2.079999924	-9.6	1.380555556	1	0	0	0	0
51.956570	0	2.079999924	-9.5	1.355555556	1	0	0	0	0
51.966518	0	2.079999924	-9.5	1.347222222	1	0	0	0	0
51.976818	0	2.079999924	-9.9	1.305555556	1	0	0	0	0
51.986830	0	2.079999924	-10.2	1.308333333	1	0	0	0	0
51.996696	0	2.079999924	-10.2	1.308333333	1	0	0	0	0
52.006758	0	2.079999924	-10.5	1.302777778	1	0	0	0	0
52.016799	0	2.079999924	-10.3	1.275	1	0	0	0	0
52.026652	0	2.079999924	-10.3	1.275	1	0	0	0	0
52.036487	0	2.079999924	-9.9	1.291666667	1	0	0	0	0
52.046588	0	2.079999924	-10.2	1.258333333	1	0	0	0	0
52.056744	0	2.079999924	-10.3	1.280555556	1	0	0	0	0
52.066601	0	2.079999924	-10.2	1.227777778	1	0	0	0	0
52.076762	0	2.079999924	-10.2	1.227777778	1	0	0	0	0
52.087120	0	2.079999924	-10.3	1.216666667	1	0	0	0	0
52.096678	0	2.079999924	-10.2	1.219444444	1	0	0	0	0
52.106878	0	2.079999924	-10.2	1.219444444	1	0	0	0	0
52.116612	0	2.079999924	-10.2	1.225	1	0	0	0	0
52.126459	0	2.079999924	-9.9	1.2	1	0	0	0	0
52.136559	0	2.079999924	-10.3	1.197222222	1	0	0	0	0
52.146629	0	2.079999924	-10.2	1.158333333	1	0	0	0	0
52.156594	0	2.079999924	-10.2	1.158333333	1	0	0	0	0
52.166727	0	2.079999924	-10.2	1.15	1	0	0	0	0
52.176758	0	2.079999924	-9.9	1.141666667	1	0	0	0	0
52.186769	0	2.079999924	-9.9	1.141666667	1	0	0	0	0
52.196729	0	2.079999924	-10.2	1.136111111	1	0	0	0	0
52.206730	0	2.079999924	-9.9	1.1	1	0	0	0	0
52.216655	0	2.079999924	-10.2	1.113888889	1	0	0	0	0
52.226685	0	2.079999924	-10.5	1.086111111	1	0	0	0	0
52.236563	0	2.079999924	-10.5	1.086111111	1	0	0	0	0
52.246706	0	2.079999924	-9.9	1.077777778	1	0	0	0	0
52.256570	0	2.079999924	-10.2	1.044444444	1	0	0	0	0
52.266677	0	2.079999924	-10.2	1.044444444	1	0	0	0	0
52.276751	0	2.079999924	-9.9	1.044444444	1	0	0	0	0
52.286551	0	2.079999924	-10.3	1.022222222	1	0	0	0	0
52.296582	0	2.079999924	-10.3	0.988888889	1	0	0	0	0
52.306520	0	2.079999924	-10.3	1.008333333	1	0	0	0	0
52.316740	0	2.079999924	-10.3	1.008333333	1	0	0	0	0
52.326707	0	2.079999924	-9.9	0.958333333	1	0	0	0	0
52.336517	0	2.079999924	-10.3	0.955555556	1	0	0	0	0
52.346747	0	2.079999924	-10.3	0.955555556	1	0	0	0	0
52.356691	0	2.079999924	-9.9	0.925	1	0	0	0	0
52.366739	0	2.079999924	-9.9	0.925	1	0	0	0	0
52.376727	0	2.079999924	-10.5	0.894444444	1	0	0	0	0
52.386765	0	2.079999924	-9.9	0.911111111	1	0	0	0	0
52.396762	0	2.079999924	-9.9	0.911111111	1	0	0	0	0
52.406761	0	2.079999924	-10.5	0.894444444	1	0	0	0	0
52.416865	0	2.079999924	-10.2	0.872222222	1	0	0	0	0
52.426817	0	2.079999924	-10.2	0.872222222	1	0	0	0	0
52.436561	0	2.079999924	-9.9	0.855555556	1	0	0	0	0
52.446713	0	2.079999924	-9.9	0.847222222	1	0	0	0	0
52.456698	0	2.079999924	-10.3	0.833333333	1	0	0	0	0
52.466760	0	2.079999924	-10.2	0.838888889	1	0	0	0	0
52.476649	0	2.079999924	-10.2	0.838888889	1	0	0	0	0
52.486525	0	2.079999924	-10.3	0.811111111	1	0	0	0	0
52.496711	0	2.079999924	-10.2	0.788888889	1	0	0	0	0
52.506607	0	2.079999924	-10.2	0.788888889	1	0	0	0	0
52.516649	0	2.079999924	-10.3	0.780555556	1	0	0	0	0
52.526659	0	2.079999924	-9.9	0.761111111	1	0	0	0	0
52.536567	0	2.079999924	-9.9	0.777777778	1	0	0	0	0
52.546746	0	2.079999924	-10.3	0.755555556	1	0	0	0	0
52.556705	0	2.079999924	-10.3	0.755555556	1	0	0	0	0
52.566942	0	2.079999924	-9.9	0.727777778	1	0	0	0	0
52.576756	0	2.079999924	-9.9	0.725	1	0	0	0	0
52.586702	0	2.079999924	-9.9	0.725	1	0	0	0	0
52.596767	0	2.079999924	-10.2	0.691666667	1	0	0	0	0
52.606700	0	2.079999924	-9.6	0.694444444	1	0	0	0	0
52.616714	0	2.079999924	-9.6	0.7	1	0	0	0	0
52.626672	0	2.079999924	-9.9	0.672222222	1	0	0	0	0
52.636692	0	2.079999924	-9.9	0.672222222	1	0	0	0	0
52.646782	0	2.079999924	-9.6	0.644444444	1	0	0	0	0
52.656781	0	2.079999924	-9.9	0.658333333	1	0	0	0	0
52.666507	0	2.079999924	-9.6	0.655555556	1	0	0	0	0
52.676543	0	2.079999924	-9.6	0.616666667	1	0	0	0	0
52.686666	0	2.079999924	-9.8	0.630555556	1	0	0	0	0
52.696677	0	2.079999924	-9.5	0.636111111	1	0	0	0	0
52.706683	0	2.079999924	-9.5	0.627777778	1	0	0	0	0
52.716629	0	2.079999924	-9.5	0.627777778	1	0	0	0	0
52.726652	0	2.079999924	-9.6	0.619444444	1	0	0	0	0
52.736710	0	2.079999924	-9.8	0.586111111	1	0	0	0	0
52.746559	0	2.079999924	-9.5	0.586111111	1	0	0	0	0
52.756702	0	2.079999924	-9.5	0.591666667	1	0	0	0	0
52.766641	0	2.079999924	-9.8	0.588888889	1	0	0	0	0
52.776627	0	2.079999924	-9.5	0.575	1	0	0	0	0
52.786528	0	2.079999924	-9.5	0.552777778	1	0	0	0	0
52.796714	0	2.079999924	-9.5	0.552777778	1	0	0	0	0
52.806700	0	2.079999924	-9.3	0.563888889	1	0	0	0	0
52.816692	0	2.079999924	-9.3	0.547222222	1	0	0	0	0
52.826686	0	2.079999924	-9	0.533333333	1	0	0	0	0
52.836678	0	2.079999924	-9.3	0.552777778	1	0	0	0	0
52.846650	0	2.079999924	-9.5	0.530555556	1	0	0	0	0
52.856555	0	2.079999924	-9.3	0.533333333	1	0	0	0	0
52.866847	0	2.079999924	-9.1	0.536111111	1	0	0	0	0
52.876687	0	2.079999924	-9.1	0.536111111	1	0	0	0	0
52.886607	0	2.079999924	-8.7	0.513888889	1	0	0	0	0
52.896541	0	2.079999924	-9.1	0.513888889	1	0	0	0	0
52.906747	0	2.079999924	-9.1	0.519444444	1	0	0	0	0
52.916720	0	2.079999924	-8.7	0.511111111	1	0	0	0	0
52.926747	0	2.079999924	-8.7	0.502777778	1	0	0	0	0
52.936596	0	2.079999924	-8.6	0.491666667	1	0	0	0	0
52.946724	0	2.079999924	-8.7	0.494444444	1	0	0	0	0
52.956706	0	2.079999924	-9.1	0.497222222	1	0	0	0	0
52.966788	0	2.079999924	-8.7	0.497222222	1	0	0	0	0
52.976573	0	2.079999924	-8.6	0.486111111	1	0	0	0	0
52.986838	0	2.079999924	-8.7	0.477777778	1	0	0	0	0
52.996776	0	2.079999924	-8.4	0.472222222	1	0	0	0	0
53.006706	0	2.079999924	-8.3	0.480555556	1	0	0	0	0
53.016688	0	2.079999924	-8.6	0.483333333	1	0	0	0	0
53.026582	0	2.079999924	-8.3	0.488888889	1	0	0	0	0
53.036584	0	2.079999924	-8.3	0.488888889	1	0	0	0	0
53.046847	0	2.079999924	-8.6	0.472222222	1	0	0	0	0
53.056724	0	2.079999924	-8.3	0.466666667	1	0	0	0	0
53.066839	0	2.079999924	-8.3	0.475	1	0	0	0	0
53.076781	0	2.079999924	-8.4	0.477777778	1	0	0	0	0
53.086685	0	2.079999924	-8.1	0.477777778	1	0	0	0	0
53.096747	0	2.079999924	-8.1	0.466666667	1	0	0	0	0
53.106776	0	2.079999924	-8.3	0.455555556	1	0	0	0	0
53.116908	0	2.079999924	-7.9	0.447222222	1	0	0	0	0
53.126693	0	2.079999924	-7.9	0.469444444	1	0	0	0	0
53.136756	0	2.079999924	-8.3	0.455555556	1	0	0	0	0
53.146723	0	2.079999924	-7.8	0.466666667	1	0	0	0	0
53.156770	0	2.079999924	-7.8	0.483333333	1	0	0	0	0
53.166863	0	2.079999924	-7.9	0.475	1	0	0	0	0
53.176793	0	2.079999924	-7.5	0.477777778	1	0	0	0	0
53.186610	0	2.079999924	-7.4	0.477777778	1	0	0	0	0
53.196530	0	2.079999924	-7.1	0.486111111	1	0	0	0	0
53.206588	0	2.079999924	-7.1	0.494444444	1	0	0	0	0
53.216578	0	2.079999924	-7.4	0.508333333	1	0	0	0	0
53.226598	0	2.079999924	-7.1	0.488888889	1	0	0	0	0
53.236565	0	2.079999924	-7.1	0.486111111	1	0	0	0	0
53.246691	0	2.079999924	-7.2	0.491666667	1	0	0	0	0
53.256741	0	2.079999924	-7.2	0.488888889	1	0	0	0	0
53.266667	0	2.079999924	-6.9	0.475	1	0	0	0	0
53.276731	0	2.079999924	-7.1	0.463888889	1	0	0	0	0
53.286822	0	2.079999924	-6.6	0.447222222	1	0	0	0	0
53.296721	0	2.079999924	-6.6	0.447222222	1	0	0	0	0
53.306772	0	2.079999924	-6.6	0.447222222	1	0	0	0	0
53.316989	0	2.079999924	-6.4	0.458333333	1	0	0	0	0
53.326675	0	2.079999924	-6.4	0.466666667	1	0	0	0	0
53.336878	0	2.079999924	-6.6	0.480555556	1	0	0	0	0
53.346775	0	2.079999924	-6.6	0.472222222	1	0	0	0	0
53.356680	0	2.079999924	-6.6	0.472222222	1	0	0	0	0
53.366625	0	2.079999924	-6.6	0.486111111	1	0	0	0	0
53.376750	0	2.079999924	-6	0.466666667	1	0	0	0	0
53.386674	0	2.079999924	-6.2	0.472222222	1	0	0	0	0
53.396542	0	2.079999924	-6	0.483333333	1	0	0	0	0
53.406782	0	2.079999924	-5.9	0.491666667	1	0	0	0	0
53.416793	0	2.079999924	-5.9	0.486111111	1	0	0	0	0
53.426634	0	2.079999924	-5.6	0.5	1	0	0	0	0
53.436518	0	2.079999924	-6	0.477777778	1	0	0	0	0
53.446788	0	2.079999924	-5.5	0.491666667	1	0	0	0	0
53.456764	0	2.079999924	-5.6	0.502777778	1	0	0	0	0
53.466758	0	2.079999924	-5.6	0.491666667	1	0	0	0	0
53.476626	0	2.079999924	-5.4	0.491666667	1	0	0	0	0
53.486828	0	2.079999924	-5.2	0.491666667	1	0	0	0	0
53.496771	0	2.079999924	-5.4	0.5	1	0	0	0	0
53.506795	0	2.079999924	-4.7	0.505555556	1	0	0	0	0
53.516793	0	2.079999924	-5	0.516666667	1	0	0	0	0
53.526754	0	2.079999924	-4.7	0.502777778	1	0	0	0	0
53.536592	0	2.079999924	-4.8	0.502777778	1	0	0	0	0
53.546818	0	2.079999924	-5	0.516666667	1	0	0	0	0
53.556698	0	2.079999924	-4.4	0.530555556	1	0	0	0	0
53.566581	0	2.079999924	-4.7	0.536111111	1	0	0	0	0
53.576505	0	2.079999924	-4.8	0.544444444	1	0	0	0	0
53.586563	0	2.079999924	-4.4	0.533333333	1	0	0	0	0
53.596809	0	2.079999924	-4.4	0.533333333	1	0	0	0	0
53.606773	0	2.079999924	-4	0.544444444	1	0	0	0	0
53.616738	0	2.079999924	-4.2	0.558333333	1	0	0	0	0
53.626791	0	2.079999924	-4.3	0.558333333	1	0	0	0	0
53.636816	0	2.079999924	-4	0.569444444	1	0	0	0	0
53.646743	0	2.079999924	-4.4	0.563888889	1	0	0	0	0
53.656782	0	2.079999924	-4.2	0.552777778	1	0	0	0	0
53.666643	0	2.079999924	-4.3	0.569444444	1	0	0	0	0
53.676690	0	2.079999924	-4.3	0.569444444	1	0	0	0	0
53.686747	0	2.079999924	-3.8	0.561111111	1	0	0	0	0
53.696751	0	2.079999924	-4.2	0.583333333	1	0	0	0	0
53.706748	0	2.079999924	-4	0.558333333	1	0	0	0	0
53.716546	0	2.079999924	-3.8	0.563888889	1	0	0	0	0
53.727023	0	2.079999924	-4	0.586111111	1	0	0	0	0
53.736761	0	2.079999924	-3.6	0.566666667	1	0	0	0	0
53.746681	0	2.079999924	-4	0.572222222	1	0	0	0	0
53.756576	0	2.079999924	-4	0.572222222	1	0	0	0	0
53.766706	0	2.079999924	-3.6	0.577777778	1	0	0	0	0
53.776762	0	2.079999924	-3.8	0.597222222	1	0	0	0	0
53.786581	0	2.079999924	-3.6	0.577777778	1	0	0	0	0
53.796700	0	2.079999924	-3.1	0.6	1	0	0	0	0
53.806702	0	2.079999924	-3.2	0.575	1	0	0	0	0
53.816694	0	2.079999924	-2.6	0.583333333	1	0	0	0	0
53.826639	0	2.079999924	-3	0.597222222	1	0	0	0	0
53.836688	0	2.079999924	-3	0.597222222	1	0	0	0	0
53.846724	0	2.079999924	-2.8	0.591666667	1	0	0	0	0
53.856727	0	2.079999924	-2.6	0.572222222	1	0	0	0	0
53.866878	0	2.079999924	-3	0.591666667	1	0	0	0	0
53.876865	0	2.079999924	-2.6	0.597222222	1	0	0	0	0
53.886728	0	2.079999924	-2.4	0.602777778	1	0	0	0	0
53.896759	0	2.079999924	-2.8	0.580555556	1	0	0	0	0
53.906685	0	2.079999924	-1.7	0.6	1	0	0	0	0
53.916723	0	2.079999924	-1.7	0.6	1	0	0	0	0
53.926586	0	2.079999924	-1.9	0.605555556	1	0	0	0	0
53.936497	0	2.079999924	-1.7	0.580555556	1	0	0	0	0
53.946716	0	2.079999924	-1.7	0.580555556	1	0	0	0	0
53.956703	0	2.079999924	-1.9	0.586111111	1	0	0	0	0
53.966852	0	2.079999924	-1.6	0.602777778	1	0	0	0	0
53.976718	0	2.079999924	-1.6	0.597222222	1	0	0	0	0
53.986743	0	2.079999924	-1.6	0.577777778	1	0	0	0	0
53.996666	0	2.079999924	-1.6	0.577777778	1	0	0	0	0
54.006582	0	2.079999924	-1.6	0.577777778	1	0	0	0	0
54.016614	0	2.079999924	-1.9	0.591666667	1	0	0	0	0
54.026625	0	2.079999924	-1.6	0.6	1	0	0	0	0
54.036534	0	2.079999924	-1.7	0.580555556	1	0	0	0	0
54.046751	0	2.079999924	-1.7	0.563888889	1	0	0	0	0
54.056696	0	2.079999924	-1.6	0.588888889	1	0	0	0	0
54.066704	0	2.079999924	-1.9	0.588888889	1	0	0	0	0
54.076774	0	2.079999924	-1.9	0.588888889	1	0	0	0	0
54.086771	0	2.079999924	-1.6	0.575	1	0	0	0	0
54.096694	0	2.079999924	-1.4	0.580555556	1	0	0	0	0
54.106734	0	2.079999924	-1.4	0.580555556	1	0	0	0	0
54.116567	0	2.079999924	-1.4	0.580555556	1	0	0	0	0
54.126853	0	2.079999924	-1.7	0.586111111	1	0	0	0	0
54.136593	0	2.079999924	-1.6	0.555555556	1	0	0	0	0
54.146671	0	2.079999924	-1.7	0.516666667	1	0	0	0	0
54.156695	0	2.079999924	-1.7	0.516666667	1	0	0	0	0
54.166707	0	2.079999924	-1.4	0.502777778	1	0	0	0	0
54.176535	0	2.079999924	-1.7	0.480555556	1	0	0	0	0
54.186739	0	2.079999924	-1.7	0.480555556	1	0	0	0	0
54.196777	0	2.079999924	-1.6	0.441666667	1	0	0	0	0
54.206755	0	2.079999924	-1.6	0.441666667	1	0	0	0	0
54.216796	0	2.079999924	-1.7	0.433333333	1	0	0	0	0
54.226824	0	2.079999924	-1.4	0.427777778	1	0	0	0	0
54.236772	0	2.079999924	-1.4	0.427777778	1	0	0	0	0
54.246808	0	2.079999924	-1.7	0.477777778	1	0	0	0	0
54.257016	0	2.079999924	-1.4	0.497222222	1	0	0	0	0
54.266731	0	2.079999924	-1.4	0.497222222	1	0	0	0	0
54.276772	0	2.079999924	-1.6	0.458333333	1	0	0	0	0
54.286741	0	2.079999924	-1.6	0.458333333	1	0	0	0	0
54.296614	0	2.079999924	-1.7	0.447222222	1	0	0	0	0
54.306597	0	2.079999924	-1.4	0.413888889	1	0	0	0	0
54.316755	0	2.079999924	-1.4	0.413888889	1	0	0	0	0
54.326818	0	2.079999924	-1.4	0.413888889	1	0	0	0	0
54.336573	0	2.079999924	-1.7	0.397222222	1	0	0	0	0
54.346827	0	2.079999924	-1.7	0.397222222	1	0	0	0	0
54.356743	0	2.079999924	-1.4	0.380555556	1	0	0	0	0
54.366781	0	2.079999924	-1.4	0.380555556	1	0	0	0	0
54.376799	0	2.079999924	-1.4	0.380555556	1	0	0	0	0
54.386738	0	2.079999924	-1.4	0.352777778	1	0	0	0	0
54.396788	0	2.079999924	-1.4	0.352777778	1	0	0	0	0
54.406746	0	2.079999924	-1.6	0.336111111	1	0	0	0	0
54.416637	0	2.079999924	-1.4	0.302777778	1	0	0	0	0
54.426730	0	2.079999924	-1.4	0.302777778	1	0	0	0	0
54.436538	0	2.079999924	-1.2	0.252777778	1	0	0	0	0
54.446694	0	2.079999924	-1.2	0.252777778	1	0	0	0	0
54.456681	0	2.079999924	-1.7	0.25	1	0	0	0	0
54.466631	0	2.079999924	-1.4	0.211111111	1	0	0	0	0
54.476691	0	2.079999924	-1.4	0.211111111	1	0	0	0	0
54.486773	0	2.079999924	-1.7	0.208333333	1	0	0	0	0
54.496708	0	2.079999924	-1.4	0.191666667	1	0	0	0	0
54.506845	0	2.079999924	-1.4	0.191666667	1	0	0	0	0
54.516781	0	2.079999924	-1.4	0.144444444	1	0	0	0	0
54.526665	0	2.079999924	-1.7	0.166666667	1	0	0	0	0
54.536547	0	2.079999924	-1.7	0.166666667	1	0	0	0	0
54.546757	0	2.079999924	-1.4	0.127777778	1	0	0	0	0
54.556878	0	2.079999924	-1.4	0.127777778	1	0	0	0	0
54.566711	0	2.079999924	-1.7	0.111111111	1	0	0	0	0
54.576632	0	2.079999924	-1.4	0.125	1	0	0	0	0
54.586692	0	2.079999924	-1.4	0.125	1	0	0	0	0
54.596705	0	2.079999924	-1.4	0.088888889	1	0	0	0	0
54.606768	0	2.079999924	-1.4	0.088888889	1	0	0	0	0
54.616710	0	2.079999924	-1.4	0.086111111	1	0	0	0	0
54.626736	0	2.079999924	-1.7	0.086111111	1	0	0	0	0
54.636735	0	2.079999924	-1.6	0.075	1	0	0	0	0
54.646849	0	2.079999924	-1.4	0.075	1	0	0	0	0
54.656513	0	2.079999924	-1.4	0.058333333	1	0	0	0	0
54.666572	0	2.079999924	-1.4	0.058333333	1	0	0	0	0
54.676757	0	2.079999924	-1.7	0.058333333	1	0	0	0	0
54.686742	0	2.079999924	-1.7	0.058333333	1	0	0	0	0
54.696780	0	2.079999924	-1.4	0.058333333	1	0	0	0	0
54.706724	0	2.079999924	-1.4	0.033333333	1	0	0	0	0
54.716741	0	2.079999924	-1.4	0.033333333	1	0	0	0	0
54.726781	0	2.079999924	-1.4	0.033333333	1	0	0	0	0
54.736590	0	2.079999924	-1.4	0.033333333	1	0	0	0	0
54.746805	0	2.079999924	-1.4	0.033333333	1	0	0	0	0
54.756768	0	2.079999924	-1.7	0.033333333	1	0	0	0	0
54.766716	0	2.079999924	-1.7	0.033333333	1	0	0	0	0
54.776782	0	2.079999924	-1.6	0.033333333	1	0	0	0	0
54.786724	0	2.079999924	-1.7	0.033333333	1	0	0	0	0
54.796710	0	2.079999924	-1.7	0.033333333	1	0	0	0	0
54.806743	0	2.079999924	-1.4	0.033333333	1	0	0	0	0
54.816759	0	2.079999924	-1.4	0.033333333	1	0	0	0	0
54.827012	0	2.079999924	-1.4	0.033333333	1	0	0	0	0
54.836537	0	2.079999924	-1.7	0.033333333	1	0	0	0	0
54.846710	0	2.079999924	-1.7	0.033333333	1	0	0	0	0
54.856781	0	2.079999924	-1.4	0.033333333	1	0	0	0	0
54.866652	0	2.079999924	-1.7	0	1	0	0	0	0
54.876801	0	2.079999924	-1.7	0	1	0	0	0	0
54.886744	0	2.079999924	-1.6	0	1	0	0	0	0
54.896647	0	2.079999924	-1.7	0	1	0	0	0	0
54.906790	0	2.079999924	-1.7	0	1	0	0	0	0
54.916767	0	2.079999924	-1.7	0	1	0	0	0	0
54.926774	0	2.079999924	-1.7	0	1	0	0	0	0
54.936573	0	2.079999924	-1.4	0	1	0	0	0	0
54.946755	0	2.079999924	-1.7	0	1	0	0	0	0
54.956779	0	2.079999924	-1.7	0	1	0	0	0	0
54.966748	0	2.079999924	-1.4	0	1	0	0	0	0
54.976764	0	2.079999924	-1.6	0	1	0	0	0	0
54.986825	0	2.079999924	-1.6	0	1	0	0	0	0
54.996653	0	2.079999924	-1.7	0	1	0	0	0	0
55.006922	0	2.079999924	-1.7	0	1	0	0	0	0
55.016643	0	2.079999924	-1.4	0	1	0	0	0	0
55.026511	0	2.079999924	-1.7	0	1	0	0	0	0
55.036571	0	2.079999924	-1.7	0	1	0	0	0	0
55.046685	0	2.079999924	-1.6	0	1	0	0	0	0
55.056975	0	2.079999924	-1.7	0	1	0	0	0	0
55.066756	0	2.079999924	-1.7	0	1	0	0	0	0
55.076784	0	2.079999924	-1.9	0	1	0	0	0	0
55.086826	0	2.079999924	-1.9	0	1	0	0	0	0
55.096755	0	2.079999924	-1.4	0	1	0	0	0	0
55.106751	0	2.079999924	-1.7	0	1	0	0	0	0
55.116816	0	2.079999924	-1.7	0	1	0	0	0	0
55.126742	0	2.079999924	-1.4	0	1	0	0	0	0
55.136506	0	2.079999924	-1.9	0	1	0	0	0	0
55.146914	0	2.079999924	-1.9	0	1	0	0	0	0
55.156810	0	2.079999924	-1.7	0	1	0	0	0	0
55.166835	0	2.079999924	-1.7	0	1	0	0	0	0
55.176837	0	2.079999924	-1.7	0	1	0	0	0	0
55.186805	0	2.079999924	-1.7	0	1	0	0	0	0
55.196730	0	2.079999924	-1.7	0	1	0	0	0	0
55.206630	0	2.079999924	-1.4	0	1	0	0	0	0
55.216670	0	2.079999924	-1.7	0	1	0	0	0	0
55.226718	0	2.079999924	-1.7	0	1	0	0	0	0
55.236517	0	2.079999924	-1.4	0	1	0	0	0	0
55.246989	0	2.079999924	-1.4	0	1	0	0	0	0
55.256794	0	2.079999924	-1.7	0	1	0	0	0	0
55.266818	0	2.079999924	-1.6	0	1	0	0	0	0
55.277317	0	2.079999924	-1.6	0	1	0	0	0	0
55.286830	0	2.079999924	-1.4	0	1	0	0	0	0
55.296702	0	2.079999924	-1.7	0	1	0	0	0	0
55.306796	0	2.079999924	-1.7	0	1	0	0	0	0
55.316792	0	2.079999924	-1.6	0	1	0	0	0	0
55.326868	0	2.079999924	-1.6	0	1	0	0	0	0
55.336551	0	2.079999924	-1.7	0	1	0	0	0	0
55.346734	0	2.079999924	-1.4	0	1	0	0	0	0
55.356798	0	2.079999924	-1.4	0	1	0	0	0	0
55.366825	0	2.079999924	-1.4	0	1	0	0	0	0
55.376918	0	2.079999924	-1.4	0	1	0	0	0	0
55.386597	0	2.079999924	-1.7	0	1	0	0	0	0
55.396750	0	2.079999924	-1.4	0	1	0	0	0	0
55.406827	0	2.079999924	-1.4	0	1	0	0	0	0
55.416789	0	2.079999924	-1.7	0	1	0	0	0	0
55.426783	0	2.079999924	-1.6	0	1	0	0	0	0
55.436540	0	2.079999924	-1.6	0	1	0	0	0	0
55.446777	0	2.079999924	-1.4	0	1	0	0	0	0
55.456772	0	2.079999924	-1.4	0	1	0	0	0	0
55.466925	0	2.079999924	-1.4	0	1	0	0	0	0
55.476786	0	2.079999924	-1.4	0	1	0	0	0	0
55.486797	0	2.079999924	-1.4	0	1	0	0	0	0
55.496710	0	2.079999924	-1.7	0	1	0	0	0	0
55.506856	0	2.079999924	-1.6	0	1	0	0	0	0
55.516756	0	2.079999924	-1.6	0	1	0	0	0	0
55.526694	0	2.079999924	-1.4	0	1	0	0	0	0
55.536607	0	2.079999924	-1.4	0	1	0	0	0	0
55.546708	0	2.079999924	-1.7	0	1	0	0	0	0
55.556676	0	2.079999924	-1.6	0	1	0	0	0	0
55.566517	0	2.079999924	-1.6	0	1	0	0	0	0
55.576684	0	2.079999924	-1.7	0	1	0	0	0	0
55.586808	0	2.079999924	-1.4	0	1	0	0	0	0
55.596775	0	2.079999924	-1.4	0	1	0	0	0	0
55.606821	0	2.079999924	-1.4	0	1	0	0	0	0
55.616771	0	2.079999924	-1.4	0	1	0	0	0	0
55.626674	0	2.079999924	-1.4	0	1	0	0	0	0
55.636639	0	2.079999924	-1.4	0	1	0	0	0	0
55.646835	0	2.079999924	-1.4	0	1	0	0	0	0
55.656762	0	2.079999924	-1.4	0	1	0	0	0	0
55.666716	0	2.079999924	-1.4	0	1	0	0	0	0
55.676704	0	2.079999924	-1.4	0	1	0	0	0	0
55.686754	0	2.079999924	-1.4	0	1	0	0	0	0
55.696795	0	2.079999924	-1.4	0	1	0	0	0	0
55.706787	0	2.079999924	-1.2	0	1	0	0	0	0
55.716771	0	2.079999924	-1.4	0	1	0	0	0	0
55.727058	0	2.079999924	-1.4	0	1	0	0	0	0
55.736740	0	2.079999924	-1.4	0	1	0	0	0	0
55.746568	0	2.079999924	-1.6	0	1	0	0	0	0
55.756776	0	2.079999924	-1.6	0	1	0	0	0	0
55.766726	0	2.079999924	-1.6	0	1	0	0	0	0
55.776794	0	2.079999924	-1.6	0	1	0	0	0	0
55.786752	0	2.079999924	-1.6	0	1	0	0	0	0
55.796752	0	2.079999924	-1.6	0	1	0	0	0	0
55.806722	0	2.079999924	-1.6	0	1	0	0	0	0
55.816741	0	2.079999924	-1.4	0	1	0	0	0	0
55.826620	0	2.079999924	-1.4	0	1	0	0	0	0
55.836803	0	2.079999924	-1.4	0	1	0	0	0	0
55.846735	0	2.079999924	-1.4	0	1	0	0	0	0
55.857010	0	2.079999924	-1.4	0	1	0	0	0	0
55.866616	0	2.079999924	-1.4	0	1	0	0	0	0
55.876627	0	2.079999924	-1.4	0	1	0	0	0	0
55.886606	0	2.079999924	-1.4	0	1	0	0	0	0
55.896757	0	2.079999924	-1.6	0	1	0	0	0	0
55.906731	0	2.079999924	-1.4	0	1	0	0	0	0
55.916809	0	2.079999924	-1.4	0	1	0	0	0	0
55.926701	0	2.079999924	-1.4	0	1	0	0	0	0
55.936758	0	2.079999924	-1.4	0	1	0	0	0	0
55.946738	0	2.079999924	-1.4	0	1	0	0	0	0
55.956759	0	2.079999924	-1.4	0	1	0	0	0	0
55.966756	0	2.079999924	-1.4	0	1	0	0	0	0
55.976780	0	2.079999924	-1.6	0	1	0	0	0	0
55.986768	0	2.079999924	-1.4	0	1	0	0	0	0
55.996736	0	2.079999924	-1.4	0	1	0	0	0	0
56.006797	0	2.079999924	-1.4	0	1	0	0	0	0
56.016709	0	2.079999924	-1.4	0	1	0	0	0	0
56.026877	0	2.079999924	-1.4	0	1	0	0	0	0
56.036589	0	2.079999924	-1.4	0	1	0	0	0	0
56.046715	0	2.079999924	-1.4	0	1	0	0	0	0
56.056803	0	2.079999924	-1.7	0	1	0	0	0	0
56.066689	0	2.079999924	-1.4	0	1	0	0	0	0
56.076663	0	2.079999924	-1.4	0	1	0	0	0	0
56.086833	0	2.079999924	-1.4	0	1	0	0	0	0
56.096716	0	2.079999924	-1.4	0	1	0	0	0	0
56.106512	0	2.079999924	-1.6	0	1	0	0	0	0
56.116573	0	2.079999924	-1.4	0	1	0	0	0	0
56.126735	0	2.079999924	-1.4	0	1	0	0	0	0
56.136642	0	2.079999924	-1.9	0	1	0	0	0	0
56.146770	0	2.079999924	-1.9	0	1	0	0	0	0
56.156787	0	2.079999924	-1.4	0	1	0	0	0	0
56.166820	0	2.079999924	-1.6	0	1	0	0	0	0
56.176695	0	2.079999924	-1.6	0	1	0	0	0	0
56.186860	0	2.079999924	-1.6	0	1	0	0	0	0
56.196725	0	2.079999924	-1.4	0	1	0	0	0	0
56.206782	0	2.079999924	-1.4	0	1	0	0	0	0
56.216798	0	2.079999924	-1.7	0	1	0	0	0	0
56.226773	0	2.079999924	-1.7	0	1	0	0	0	0
56.236624	0	2.079999924	-1.6	0	1	0	0	0	0
56.246678	0	2.079999924	-1.7	0	1	0	0	0	0
56.257173	0	2.079999924	-1.7	0	1	0	0	0	0
56.266583	0	2.079999924	-1.4	0	1	0	0	0	0
56.276693	0	2.079999924	-1.4	0	1	0	0	0	0
56.286591	0	2.079999924	-1.4	0	1	0	0	0	0
56.296581	0	2.079999924	-1.6	0	1	0	0	0	0
56.306660	0	2.079999924	-1.6	0	1	0	0	0	0
56.317086	0	2.079999924	-1.4	0	1	0	0	0	0
56.326946	0	2.079999924	-1.6	0	1	0	0	0	0
56.336574	0	2.079999924	-1.6	0	1	0	0	0	0
56.346512	0	2.079999924	-1.4	0	1	0	0	0	0
56.356675	0	2.079999924	-1.4	0	1	0	0	0	0
56.366750	0	2.079999924	-1.4	0	1	0	0	0	0
56.376772	0	2.079999924	-1.7	0	1	0	0	0	0
56.386601	0	2.079999924	-1.7	0	1	0	0	0	0
56.396742	0	2.079999924	-1.2	0	1	0	0	0	0
56.406732	0	2.079999924	-1.6	0	1	0	0	0	0
56.416759	0	2.079999924	-1.6	0	1	0	0	0	0
56.426733	0	2.079999924	-1.4	0	1	0	0	0	0
56.436580	0	2.079999924	-1.6	0	1	0	0	0	0
56.446697	0	2.079999924	-1.6	0	1	0	0	0	0
56.456813	0	2.079999924	-1.7	0	1	0	0	0	0
56.466522	0	2.079999924	-1.7	0	1	0	0	0	0
56.476518	0	2.079999924	-1.6	0	1	0	0	0	0
56.486695	0	2.079999924	-1.6	0	1	0	0	0	0
56.496656	0	2.079999924	-1.6	0	1	0	0	0	0
56.506620	0	2.079999924	-1.7	0	1	0	0	0	0
56.516773	0	2.079999924	-1.4	0	1	0	0	0	0
56.526727	0	2.079999924	-1.4	0	1	0	0	0	0
56.536820	0	2.079999924	-1.7	0	1	0	0	0	0
56.546924	0	2.079999924	-1.7	0	1	0	0	0	0
56.556773	0	2.079999924	-1.4	0	1	0	0	0	0
56.566774	0	2.079999924	-1.4	0	1	0	0	0	0
56.576678	0	2.079999924	-1.4	0	1	0	0	0	0
56.586598	0	2.079999924	-1.7	0	1	0	0	0	0
56.596660	0	2.079999924	-1.4	0	1	0	0	0	0
56.606822	0	2.079999924	-1.4	0	1	0	0	0	0
56.616747	0	2.079999924	-1.7	0	1	0	0	0	0
56.626720	0	2.079999924	-1.7	0	1	0	0	0	0
56.636667	0	2.079999924	-1.4	0	1	0	0	0	0
56.646586	0	2.079999924	-1.4	0	1	0	0	0	0
56.656706	0	2.079999924	-1.4	0	1	0	0	0	0
56.666778	0	2.079999924	-1.7	0	1	0	0	0	0
56.676598	0	2.079999924	-1.6	0	1	0	0	0	0
56.686750	0	2.079999924	-1.6	0	1	0	0	0	0
56.696767	0	2.079999924	-1.4	0	1	0	0	0	0
56.706794	0	2.079999924	-1.4	0	1	0	0	0	0
56.716576	0	2.079999924	-1.6	0	1	0	0	0	0
56.726711	0	2.079999924	-1.4	0	1	0	0	0	0
56.736857	0	2.079999924	-1.4	0	1	0	0	0	0
56.746562	0	2.079999924	-1.7	0	1	0	0	0	0
56.756676	0	2.079999924	-1.4	0	1	0	0	0	0
56.766786	0	2.079999924	-1.4	0	1	0	0	0	0
56.776742	0	2.079999924	-1.7	0	1	0	0	0	0
56.786872	0	2.079999924	-1.7	0	1	0	0	0	0
56.796705	0	2.079999924	-1.4	0	1	0	0	0	0
56.806822	0	2.079999924	-1.6	0	1	0	0	0	0
56.816585	0	2.079999924	-1.6	0	1	0	0	0	0
56.826562	0	2.079999924	-1.7	0	1	0	0	0	0
56.836531	0	2.079999924	-1.6	0	1	0	0	0	0
56.846666	0	2.079999924	-1.6	0	1	0	0	0	0
56.856947	0	2.079999924	-1.6	0	1	0	0	0	0
56.866774	0	2.079999924	-1.6	0	1	0	0	0	0
56.876796	0	2.079999924	-1.4	0	1	0	0	0	0
56.886827	0	2.079999924	-1.4	0	1	0	0	0	0
56.896770	0	2.079999924	-1.4	0	1	0	0	0	0
56.906730	0	2.079999924	-1.7	0	1	0	0	0	0
56.916757	0	2.079999924	-1.7	0	1	0	0	0	0
56.926579	0	2.079999924	-1.6	0	1	0	0	0	0
56.936535	0	2.079999924	-1.4	0	1	0	0	0	0
56.946769	0	2.079999924	-1.4	0	1	0	0	0	0
56.956574	0	2.079999924	-1.4	0	1	0	0	0	0
56.966708	0	2.079999924	-1.4	0	1	0	0	0	0
56.976861	0	2.079999924	-1.4	0	1	0	0	0	0
56.986791	0	2.079999924	-1.4	0	1	0	0	0	0
56.996585	0	2.079999924	-1.4	0	1	0	0	0	0
57.006616	0	2.079999924	-1.4	0	1	0	0	0	0
57.016517	0	2.079999924	-1.4	0	1	0	0	0	0
57.026619	0	2.079999924	-1.4	0	1	0	0	0	0
57.036592	0	2.079999924	-1.6	0	1	0	0	0	0
57.046576	0	2.079999924	-1.6	0	1	0	0	0	0
57.056669	0	2.079999924	-1.6	0	1	0	0	0	0
57.066559	0	2.079999924	-1.6	0	1	0	0	0	0
57.076720	0	2.079999924	-1.6	0	1	0	0	0	0
57.086932	0	2.079999924	-1.4	0	1	0	0	0	0
57.096845	0	2.079999924	-1.4	0	1	0	0	0	0
57.106799	0	2.079999924	-1.4	0	1	0	0	0	0
57.116683	0	2.079999924	-1.4	0	1	0	0	0	0
57.126713	0	2.079999924	-1.4	0	1	0	0	0	0
57.136577	0	2.079999924	-1.4	0	1	0	0	0	0
57.146766	0	2.079999924	-1.6	0	1	0	0	0	0
57.157219	0	2.079999924	-1.6	0	1	0	0	0	0
57.166831	0	2.079999924	-1.4	0	1	0	0	0	0
57.176730	0	2.079999924	-1.4	0	1	0	0	0	0
57.186930	0	2.079999924	-1.4	0	1	0	0	0	0
57.196636	0	2.079999924	-1.7	0	1	0	0	0	0
57.206599	0	2.079999924	-1.4	0	1	0	0	0	0
57.216715	0	2.079999924	-1.4	0	1	0	0	0	0
57.226696	0	2.079999924	-1.4	0	1	0	0	0	0
57.236538	0	2.079999924	-1.4	0	1	0	0	0	0
57.246688	0	2.079999924	-1.7	0	1	0	0	0	0
57.256799	0	2.079999924	-1.6	0	1	0	0	0	0
57.266788	0	2.079999924	-1.6	0	1	0	0	0	0
57.276743	0	2.079999924	-1.6	0	1	0	0	0	0
57.286617	0	2.079999924	-1.6	0	1	0	0	0	0
57.296748	0	2.079999924	-1.6	0	1	0	0	0	0
57.306781	0	2.079999924	-1.4	0	1	0	0	0	0
57.316760	0	2.079999924	-1.4	0	1	0	0	0	0
57.326693	0	2.079999924	-1.4	0	1	0	0	0	0
57.336749	0	2.079999924	-1.6	0	1	0	0	0	0
57.346771	0	2.079999924	-1.6	0	1	0	0	0	0
57.356588	0	2.079999924	-1.4	0	1	0	0	0	0
57.366534	0	2.079999924	-1.4	0	1	0	0	0	0
57.376553	0	2.079999924	-1.4	0	1	0	0	0	0
57.386758	0	2.079999924	-1.4	0	1	0	0	0	0
57.396806	0	2.079999924	-1.4	0	1	0	0	0	0
57.406746	0	2.079999924	-1.7	0	1	0	0	0	0
57.416849	0	2.079999924	-1.6	0	1	0	0	0	0
57.426725	0	2.079999924	-1.6	0	1	0	0	0	0
57.436594	0	2.079999924	-1.4	0	1	0	0	0	0
57.446792	0	2.079999924	-1.4	0	1	0	0	0	0
57.456800	0	2.079999924	-1.4	0	1	0	0	0	0
57.466794	0	2.079999924	-1.4	0	1	0	0	0	0
57.476727	0	2.079999924	-1.4	0	1	0	0	0	0
57.486852	0	2.079999924	-1.7	0	1	0	0	0	0
57.496778	0	2.079999924	-1.4	0	1	0	0	0	0
57.506771	0	2.079999924	-1.4	0	1	0	0	0	0
57.516789	0	2.079999924	-1.4	0	1	0	0	0	0
57.526770	0	2.079999924	-1.7	0	1	0	0	0	0
57.536634	0	2.079999924	-1.7	0	1	0	0	0	0
57.546587	0	2.079999924	-1.6	0	1	0	0	0	0
57.556534	0	2.079999924	-1.6	0	1	0	0	0	0
57.566995	0	2.079999924	-1.7	0	1	0	0	0	0
57.576788	0	2.079999924	-1.4	0	1	0	0	0	0
57.586821	0	2.079999924	-1.4	0	1	0	0	0	0
57.597100	0	2.079999924	-1.4	0	1	0	0	0	0
57.606682	0	2.079999924	-1.9	0	1	0	0	0	0
57.616810	0	2.079999924	-1.9	0	1	0	0	0	0
57.626755	0	2.079999924	-1.4	0	1	0	0	0	0
57.636564	0	2.079999924	-1.4	0	1	0	0	0	0
57.646605	0	2.079999924	-1.6	0	1	0	0	0	0
57.656693	0	2.079999924	-1.7	0	1	0	0	0	0
57.666731	0	2.079999924	-1.7	0	1	0	0	0	0
57.676706	0	2.079999924	-1.7	0	1	0	0	0	0
57.686782	0	2.079999924	-1.7	0	1	0	0	0	0
57.696769	0	2.079999924	-1.7	0	1	0	0	0	0
57.706819	0	2.079999924	-1.4	0	1	0	0	0	0
57.716713	0	2.079999924	-1.4	0	1	0	0	0	0
57.726723	0	2.079999924	-1.6	0	1	0	0	0	0
57.736583	0	2.079999924	-1.7	0	1	0	0	0	0
57.746768	0	2.079999924	-1.7	0	1	0	0	0	0
57.756635	0	2.079999924	-1.4	0	1	0	0	0	0
57.766616	0	2.079999924	-1.4	0	1	0	0	0	0
57.776720	0	2.079999924	-1.6	0	1	0	0	0	0
57.786845	0	2.079999924	-1.7	0	1	0	0	0	0
57.796733	0	2.079999924	-1.7	0	1	0	0	0	0
57.806762	0	2.079999924	-1.4	0	1	0	0	0	0
57.816924	0	2.079999924	-1.7	0	1	0	0	0	0
57.826787	0	2.079999924	-1.7	0	1	0	0	0	0
57.836586	0	2.079999924	-1.4	0	1	0	0	0	0
57.846778	0	2.079999924	-1.4	0	1	0	0	0	0
57.856961	0	2.079999924	-1.4	0	1	0	0	0	0
57.866925	0	2.079999924	-1.7	0	1	0	0	0	0
57.876753	0	2.079999924	-1.7	0	1	0	0	0	0
57.886711	0	2.079999924	-1.4	0	1	0	0	0	0
57.896737	0	2.079999924	-1.7	0	1	0	0	0	0
57.906735	0	2.079999924	-1.7	0	1	0	0	0	0
57.916557	0	2.079999924	-1.4	0	1	0	0	0	0
57.926747	0	2.079999924	-1.4	0	1	0	0	0	0
57.936569	0	2.079999924	-1.4	0	1	0	0	0	0
57.946789	0	2.079999924	-1.7	0	1	0	0	0	0
57.956650	0	2.079999924	-1.7	0	1	0	0	0	0
57.966704	0	2.079999924	-1.7	0	1	0	0	0	0
57.977005	0	2.079999924	-1.4	0	1	0	0	0	0
57.986786	0	2.079999924	-1.4	0	1	0	0	0	0
57.996840	0	2.079999924	-1.4	0	1	0	0	0	0
58.006706	0	2.079999924	-1.4	0	1	0	0	0	0
58.016777	0	2.079999924	-1.6	0	1	0	0	0	0
58.026656	0	2.079999924	-1.7	0	1	0	0	0	0
58.036551	0	2.079999924	-1.7	0	1	0	0	0	0
58.046676	0	2.079999924	-1.6	0	1	0	0	0	0
58.056667	0	2.079999924	-1.6	0	1	0	0	0	0
58.066734	0	2.079999924	-1.6	0	1	0	0	0	0
58.076692	0	2.079999924	-1.4	0	1	0	0	0	0
58.086710	0	2.079999924	-1.4	0	1	0	0	0	0
58.096625	0	2.079999924	-1.4	0	1	0	0	0	0
58.106598	0	2.079999924	-1.6	0	1	0	0	0	0
58.116757	0	2.079999924	-1.6	0	1	0	0	0	0
58.126598	0	2.079999924	-1.4	0	1	0	0	0	0
58.136564	0	2.079999924	-1.4	0	1	0	0	0	0
58.146773	0	2.079999924	-1.4	0	1	0	0	0	0
58.156740	0	2.079999924	-1.4	0	1	0	0	0	0
58.166722	0	2.079999924	-1.4	0	1	0	0	0	0
58.176703	0	2.079999924	-1.4	0	1	0	0	0	0
58.186689	0	2.079999924	-1.6	0	1	0	0	0	0
58.196665	0	2.079999924	-1.6	0	1	0	0	0	0
58.206715	0	2.079999924	-1.6	0	1	0	0	0	0
58.216831	0	2.079999924	-1.4	0	1	0	0	0	0
58.226858	0	2.079999924	-1.4	0	1	0	0	0	0
58.236561	0	2.079999924	-1.7	0	1	0	0	0	0
58.246758	0	2.079999924	-1.7	0	1	0	0	0	0
58.256672	0	2.079999924	-1.4	0	1	0	0	0	0
58.266799	0	2.079999924	-1.4	0	1	0	0	0	0
58.276670	0	2.079999924	-1.4	0	1	0	0	0	0
58.286639	0	2.079999924	-1.7	0	1	0	0	0	0
58.296620	0	2.079999924	-1.6	0	1	0	0	0	0
58.306752	0	2.079999924	-1.6	0	1	0	0	0	0
58.316717	0	2.079999924	-1.7	0	1	0	0	0	0
58.326828	0	2.079999924	-1.7	0	1	0	0	0	0
58.336589	0	2.079999924	-1.4	0	1	0	0	0	0
58.346726	0	2.079999924	-1.4	0	1	0	0	0	0
58.356674	0	2.079999924	-1.4	0	1	0	0	0	0
58.366736	0	2.079999924	-1.7	0	1	0	0	0	0
58.376729	0	2.079999924	-1.6	0	1	0	0	0	0
58.386729	0	2.079999924	-1.6	0	1	0	0	0	0
58.396682	0	2.079999924	-1.9	0	1	0	0	0	0
58.406806	0	2.079999924	-1.9	0	1	0	0	0	0
58.416650	0	2.079999924	-1.7	0	1	0	0	0	0
58.426722	0	2.079999924	-1.4	0	1	0	0	0	0
58.436742	0	2.079999924	-1.4	0	1	0	0	0	0
58.446683	0	2.079999924	-1.7	0	1	0	0	0	0
58.456674	0	2.079999924	-1.7	0	1	0	0	0	0
58.466553	0	2.079999924	-1.7	0	1	0	0	0	0
58.476594	0	2.079999924	-1.4	0	1	0	0	0	0
58.486728	0	2.079999924	-1.4	0	1	0	0	0	0
58.496678	0	2.079999924	-1.7	0	1	0	0	0	0
58.506703	0	2.079999924	-1.7	0	1	0	0	0	0
58.516702	0	2.079999924	-1.7	0	1	0	0	0	0
58.526728	0	2.079999924	-1.6	0	1	0	0	0	0
58.536751	0	2.079999924	-1.6	0	1	0	0	0	0
58.546548	0	2.079999924	-1.7	0	1	0	0	0	0
58.556573	0	2.079999924	-1.4	0	1	0	0	0	0
58.566895	0	2.079999924	-1.4	0	1	0	0	0	0
58.576749	0	2.079999924	-1.4	0	1	0	0	0	0
58.586714	0	2.079999924	-1.4	0	1	0	0	0	0
58.596784	0	2.079999924	-1.4	0	1	0	0	0	0
58.606795	0	2.079999924	-1.4	0	1	0	0	0	0
58.616762	0	2.079999924	-1.4	0	1	0	0	0	0
58.626667	0	2.079999924	-1.7	0	1	0	0	0	0
58.636563	0	2.079999924	-1.4	0	1	0	0	0	0
58.646626	0	2.079999924	-1.4	0	1	0	0	0	0
58.656812	0	2.079999924	-1.4	0	1	0	0	0	0
58.666879	0	2.079999924	-1.4	0	1	0	0	0	0
58.676813	0	2.079999924	-1.4	0	1	0	0	0	0
58.686728	0	2.079999924	-1.6	0	1	0	0	0	0
58.696716	0	2.079999924	-1.6	0	1	0	0	0	0
58.706758	0	2.079999924	-1.4	0	1	0	0	0	0
58.716787	0	2.079999924	-1.4	0	1	0	0	0	0
58.726743	0	2.079999924	-1.4	0	1	0	0	0	0
58.736588	0	2.079999924	-1.4	0	1	0	0	0	0
58.746732	0	2.079999924	-1.7	0	1	0	0	0	0
58.756807	0	2.079999924	-1.7	0	1	0	0	0	0
58.766797	0	2.079999924	-1.6	0	1	0	0	0	0
58.776960	0	2.079999924	-1.6	0	1	0	0	0	0
58.786709	0	2.079999924	-1.4	0	1	0	0	0	0
58.796799	0	2.079999924	-1.4	0	1	0	0	0	0
58.806848	0	2.079999924	-1.4	0	1	0	0	0	0
58.817098	0	2.079999924	-1.4	0	1	0	0	0	0
58.827016	0	2.079999924	-1.7	0	1	0	0	0	0
58.836698	0	2.079999924	-1.7	0	1	0	0	0	0
58.846694	0	2.079999924	-1.4	0	1	0	0	0	0
58.856774	0	2.079999924	-1.4	0	1	0	0	0	0
58.866985	0	2.079999924	-1.6	0	1	0	0	0	0
58.876645	0	2.079999924	-1.7	0	1	0	0	0	0
58.886713	0	2.079999924	-1.7	0	1	0	0	0	0
58.896704	0	2.079999924	-1.6	0	1	0	0	0	0
58.906878	0	2.079999924	-1.6	0	1	0	0	0	0
58.916728	0	2.079999924	-1.6	0	1	0	0	0	0
58.926713	0	2.079999924	-1.7	0	1	0	0	0	0
58.936749	0	2.079999924	-1.7	0	1	0	0	0	0
58.946700	0	2.079999924	-1.4	0	1	0	0	0	0
58.956750	0	2.079999924	-1.7	0	1	0	0	0	0
58.966744	0	2.079999924	-1.7	0	1	0	0	0	0
58.976750	0	2.079999924	-1.7	0	1	0	0	0	0
58.986774	0	2.079999924	-1.6	0	1	0	0	0	0
58.996556	0	2.079999924	-1.6	0	1	0	0	0	0
59.006586	0	2.079999924	-1.7	0	1	0	0	0	0
59.016767	0	2.079999924	-1.7	0	1	0	0	0	0
59.026698	0	2.079999924	-1.7	0	1	0	0	0	0
59.036734	0	2.079999924	-1.6	0	1	0	0	0	0
59.047638	0	2.079999924	-1.6	0	1	0	0	0	0
59.056719	0	2.079999924	-1.7	0	1	0	0	0	0
59.066930	0	2.079999924	-1.4	0	1	0	0	0	0
59.076679	0	2.079999924	-1.4	0	1	0	0	0	0
59.086614	0	2.079999924	-1.4	0	1	0	0	0	0
59.096480	0	2.079999924	-1.4	0	1	0	0	0	0
59.106657	0	2.079999924	-1.7	0	1	0	0	0	0
59.116724	0	2.079999924	-1.4	0	1	0	0	0	0
59.126761	0	2.079999924	-1.4	0	1	0	0	0	0
59.136758	0	2.079999924	-1.6	0	1	0	0	0	0
59.146726	0	2.079999924	-1.4	0	1	0	0	0	0
59.156677	0	2.079999924	-1.4	0	1	0	0	0	0
59.166783	0	2.079999924	-1.4	0	1	0	0	0	0
59.176661	0	2.079999924	-1.4	0	1	0	0	0	0
59.186607	0	2.079999924	-1.7	0	1	0	0	0	0
59.196545	0	2.079999924	-1.4	0	1	0	0	0	0
59.206668	0	2.079999924	-1.4	0	1	0	0	0	0
59.216741	0	2.079999924	-1.4	0	1	0	0	0	0
59.226756	0	2.079999924	-1.4	0	1	0	0	0	0
59.236563	0	2.079999924	-1.7	0	1	0	0	0	0
59.246644	0	2.079999924	-1.6	0	1	0	0	0	0
59.256687	0	2.079999924	-1.6	0	1	0	0	0	0
59.266613	0	2.079999924	-1.4	0	1	0	0	0	0
59.276849	0	2.079999924	-1.4	0	1	0	0	0	0
59.286707	0	2.079999924	-1.4	0	1	0	0	0	0
59.296781	0	2.079999924	-1.4	0	1	0	0	0	0
59.306711	0	2.079999924	-1.4	0	1	0	0	0	0
59.316645	0	2.079999924	-1.6	0	1	0	0	0	0
59.326734	0	2.079999924	-1.4	0	1	0	0	0	0
59.336573	0	2.079999924	-1.4	0	1	0	0	0	0
59.346778	0	2.079999924	-1.4	0	1	0	0	0	0
59.356638	0	2.079999924	-1.7	0	1	0	0	0	0
59.366528	0	2.079999924	-1.7	0	1	0	0	0	0
59.376546	0	2.079999924	-1.4	0	1	0	0	0	0
59.386665	0	2.079999924	-1.4	0	1	0	0	0	0
59.396727	0	2.079999924	-1.2	0	1	0	0	0	0
59.406722	0	2.079999924	-1.7	0	1	0	0	0	0
59.416801	0	2.079999924	-1.7	0	1	0	0	0	0
59.426807	0	2.079999924	-1.4	0	1	0	0	0	0
59.436655	0	2.079999924	-1.7	0	1	0	0	0	0
59.446732	0	2.079999924	-1.7	0	1	0	0	0	0
59.456627	0	2.079999924	-1.4	0	1	0	0	0	0
59.466774	0	2.079999924	-1.4	0	1	0	0	0	0
59.476750	0	2.079999924	-1.4	0	1	0	0	0	0
59.486813	0	2.079999924	-1.7	0	1	0	0	0	0
59.496802	0	2.079999924	-1.7	0	1	0	0	0	0
59.506752	0	2.079999924	-1.4	0	1	0	0	0	0
59.516782	0	2.079999924	-1.6	0	1	0	0	0	0
59.526722	0	2.079999924	-1.6	0	1	0	0	0	0
59.536764	0	2.079999924	-1.7	0	1	0	0	0	0
59.546517	0	2.079999924	-1.7	0	1	0	0	0	0
59.556578	0	2.079999924	-1.4	0	1	0	0	0	0
59.566759	0	2.079999924	-1.7	0	1	0	0	0	0
59.576763	0	2.079999924	-1.7	0	1	0	0	0	0
59.586673	0	2.079999924	-1.7	0	1	0	0	0	0
59.596677	0	2.079999924	-1.4	0	1	0	0	0	0
59.606735	0	2.079999924	-1.4	0	1	0	0	0	0
59.616742	0	2.079999924	-1.9	0	1	0	0	0	0
59.626710	0	2.079999924	-1.9	0	1	0	0	0	0
59.636692	0	2.079999924	-1.7	0	1	0	0	0	0
59.646743	0	2.079999924	-1.4	0	1	0	0	0	0
59.656597	0	2.079999924	-1.4	0	1	0	0	0	0
59.666873	0	2.079999924	-1.7	0	1	0	0	0	0
59.676753	0	2.079999924	-1.4	0	1	0	0	0	0
59.686727	0	2.079999924	-1.4	0	1	0	0	0	0
59.696744	0	2.079999924	-1.7	0	1	0	0	0	0
59.706807	0	2.079999924	-1.7	0	1	0	0	0	0
59.716759	0	2.079999924	-1.7	0	1	0	0	0	0
59.726508	0	2.079999924	-1.4	0	1	0	0	0	0
59.736592	0	2.079999924	-1.4	0	1	0	0	0	0
59.746854	0	2.079999924	-1.6	0	1	0	0	0	0
59.756767	0	2.079999924	-1.6	0	1	0	0	0	0
59.766745	0	2.079999924	-1.6	0	1	0	0	0	0
59.776677	0	2.079999924	-1.4	0	1	0	0	0	0
59.786693	0	2.079999924	-1.4	0	1	0	0	0	0
59.796655	0	2.079999924	-1.6	0	1	0	0	0	0
59.806790	0	2.079999924	-1.4	0	1	0	0	0	0
59.816835	0	2.079999924	-1.4	0	1	0	0	0	0
59.826882	0	2.079999924	-1.4	0	1	0	0	0	0
59.836659	0	2.079999924	-1.7	0	1	0	0	0	0
59.846708	0	2.079999924	-1.7	0	1	0	0	0	0
59.856707	0	2.079999924	-1.4	0	1	0	0	0	0
59.866661	0	2.079999924	-1.4	0	1	0	0	0	0
59.876795	0	2.079999924	-1.2	0	1	0	0	0	0
59.886672	0	2.079999924	-1.7	0	1	0	0	0	0
59.896755	0	2.079999924	-1.7	0	1	0	0	0	0
59.906588	0	2.079999924	-1.4	0	1	0	0	0	0
59.916770	0	2.079999924	-1.7	0	1	0	0	0	0
59.926763	0	2.079999924	-1.7	0	1	0	0	0	0
59.936516	0	2.079999924	-1.7	0	1	0	0	0	0
59.946673	0	2.079999924	-1.7	0	1	0	0	0	0
59.956699	0	2.079999924	-1.4	0	1	0	0	0	0
59.966772	0	2.079999924	-1.7	0	1	0	0	0	0
59.976686	0	2.079999924	-1.7	0	1	0	0	0	0
59.987390	0	2.079999924	-1.7	0	1	0	0	0	0
59.997150	0	2.079999924	-1.2	0	1	0	0	0	0
60.006800	0	2.079999924	-1.4	0	1	0	0	0	0
60.016755	0	2.079999924	-1.7	0	1	0	0	0	0
60.026654	0	2.079999924	-1.7	0	1	0	0	0	0
60.036563	0	2.079999924	-1.7	0	1	0	0	0	0
60.046766	0	2.079999924	-1.6	0	1	0	0	0	0
60.056787	0	2.079999924	-1.6	0	1	0	0	0	0
60.066573	0	2.079999924	-1.9	0	1	0	0	0	0
60.076730	0	2.079999924	-1.4	0	1	0	0	0	0
60.086732	0	2.079999924	-1.7	0	1	0	0	0	0
60.096546	0	2.079999924	-1.6	0	1	0	0	0	0
60.106668	0	2.079999924	-1.4	0	1	0	0	0	0
60.116587	0	2.079999924	-1.7	0	1	0	0	0	0
60.126733	0	2.079999924	-1.2	0	1	0	0	0	0
60.136523	0	2.079999924	-1.2	0	1	0	0	0	0
60.146784	0	2.079999924	-1.7	0	1	0	0	0	0
60.156770	0	2.079999924	-1.4	0	1	0	0	0	0
60.166840	0	2.079999924	-1.7	0	1	0	0	0	0
60.176728	0	2.079999924	-1.4	0	1	0	0	0	0
60.186697	0	2.079999924	-1.4	0	1	0	0	0	0
60.196752	0	2.079999924	-1.4	0	1	0	0	0	0
60.206799	0	2.079999924	-1.4	0	1	0	0	0	0
60.216725	0	2.079999924	-1.4	0	1	0	0	0	0
60.226728	0	2.079999924	-1.4	0	1	0	0	0	0
60.236556	0	2.079999924	-1.7	0	1	0	0	0	0
60.246749	0	2.079999924	-1.4	0	1	0	0	0	0
60.256677	0	2.079999924	-1.4	0	1	0	0	0	0
60.266628	0	2.079999924	-1.7	0	1	0	0	0	0
60.276550	0	2.079999924	-1.4	0	1	0	0	0	0
60.286782	0	2.079999924	-1.7	0	1	0	0	0	0
60.296721	0	2.079999924	-1.7	0	1	0	0	0	0
60.306803	0	2.079999924	-1.4	0	1	0	0	0	0
60.316661	0	2.079999924	-1.9	0	1	0	0	0	0
60.326699	0	2.079999924	-1.6	0	1	0	0	0	0
60.336778	0	2.079999924	-1.7	0	1	0	0	0	0
60.346697	0	2.079999924	-1.7	0	1	0	0	0	0
60.356742	0	2.079999924	-1.4	0	1	0	0	0	0
60.366646	0	2.079999924	-1.9	0	1	0	0	0	0
60.376704	0	2.079999924	-1.9	0	1	0	0	0	0
60.386696	0	2.079999924	-1.7	0	1	0	0	0	0
60.396619	0	2.079999924	-1.6	0	1	0	0	0	0
60.406839	0	2.079999924	-1.4	0	1	0	0	0	0
60.416785	0	2.079999924	-1.7	0	1	0	0	0	0
60.426713	0	2.079999924	-1.4	0	1	0	0	0	0
60.436629	0	2.079999924	-1.7	0	1	0	0	0	0
60.446690	0	2.079999924	-1.6	0	1	0	0	0	0
60.456573	0	2.079999924	-1.6	0	1	0	0	0	0
60.466875	0	2.079999924	-1.9	0	1	0	0	0	0
60.476729	0	2.079999924	-1.6	0	1	0	0	0	0
60.486742	0	2.079999924	-1.7	0	1	0	0	0	0
60.496756	0	2.079999924	-1.6	0	1	0	0	0	0
60.506692	0	2.079999924	-1.4	0	1	0	0	0	0
60.516896	0	2.079999924	-1.7	0	1	0	0	0	0
60.526742	0	2.079999924	-1.4	0	1	0	0	0	0
60.536531	0	2.079999924	-1.7	0	1	0	0	0	0
60.546688	0	2.079999924	-1.4	0	1	0	0	0	0
60.556694	0	2.079999924	-1.4	0	1	0	0	0	0